3 3 4 3 3 4 3 3 4 2 3 4 3 3 3 3 3 2 3 3 
2 1 2 2 3 2 1 3 3 2 3 1 1 1 1 2 3 2 2 1 3 1 2 2 2 1 2 2 3 1 3 2 2 2 2 3 3 1 2 1 1 3 2 2 2 2 2 2 2 2 2 3 2 2 2 3 1 1 3 3 2 2 
1 1 2 2 2 2 2 1 1 1 2 2 2 2 2 2 1 1 2 2 2 2 1 2 2 1 2 2 2 2 1 2 1 2 1 1 2 1 2 2 1 1 1 1 2 1 2 2 2 2 1 2 2 1 2 1 2 2 1 2 2 1 1 1 1 1 1 2 2 2 1 2 2 1 2 2 1 2 1 2 2 1 2 2 1 1 2 2 2 1 2 1 2 1 1 1 2 2 2 1 1 1 2 1 1 2 1 2 2 1 2 2 2 1 1 2 1 2 1 1 1 1 1 1 
4 17 10 17 12 3 19 19 5 8 9 11 12 11 2 11 18 4 10 15 17 3 6 11 3 10 1 13 17 12 6 2 9 9 19 19 5 15 14 11 16 5 11 5 12 12 3 6 3 4 11 19 12 4 14 12 7 20 5 2 2 2 6 5 1 16 15 6 6 14 6 19 20 4 6 16 7 17 2 6 2 20 16 19 17 7 2 3 13 18 12 4 9 17 9 17 4 10 19 2 11 14 8 7 13 14 3 4 9 18 3 19 8 12 9 12 4 7 9 6 20 19 2 3 13 19 16 19 2 2 14 18 6 9 8 16 11 15 14 16 15 5 5 19 16 8 12 7 8 12 10 6 2 5 16 12 18 6 4 14 16 12 8 1 19 6 6 11 8 9 14 12 14 2 18 17 16 18 16 5 16 11 13 7 11 19 5 17 13 8 18 
20 7 6 10 7.209 25.49 16.308 27.177 126.756 125.157 108.985 101.863 25.103 21.435 23.917 22.05 3.828 3.827 2.237 3.335 123.011 106.4 104.633 125.968 
12 18 15 14 11 17 9 2 3 13 10 8 16 1 20 5 19 8.038 32.041 30.009 15.922 24.635 4.596 18.748 16.954 11.823 2.871 24.664 28.533 23.824 12.309 23.927 13.365 23.743 115.512 103.62 109.285 132.261 109.996 110.513 103.043 118.491 118.045 119.657 109.696 118.717 115.502 120.657 130.485 104.335 115.363 22.748 22.192 27.495 22.391 20.357 29.43 26.229 20.323 22.611 26.604 27.089 25.08 21.184 22.479 28.327 29.535 21.812 3.142 2.61 2.266 3.922 3.521 2.094 3.459 3.89 2.05 2.513 3.029 2.93 3.524 3.538 2.166 3.219 2.791 111.878 116.397 123.207 104.187 116.935 118.87 123.33 129.127 117.288 127.112 119.923 124.352 128.025 120.315 118.401 129.952 105.634 
9 6 12 17 11 7 16 20 10 5 16.1 19.582 17.118 4.897 5.475 19.948 23.832 24.88 27.711 16.506 127.995 127.013 117.575 104.815 124.159 107.048 132.433 122.199 105.589 124.532 25.375 20.123 24.032 21.685 23.748 20.88 20.085 25.984 29.215 28.091 3.165 3.688 2.618 2.55 3.552 3.121 2.394 3.403 2.215 3.934 113.443 111.438 114.636 125.508 110.131 114.384 115.815 124.747 103.898 126.441 
19 17 14 4 13 9 2 15 6 7 12 16 8 3 5 11 1 7.605 17.368 23.544 23.211 5.452 23.918 2.155 31.481 4.014 30.62 19.484 28.272 6.634 19.022 8.733 7.021 14.9 121.257 101.546 113.324 127.879 129.157 111.181 123.996 115.432 118.861 120.694 128.162 131.864 125.94 123.416 124.206 132.186 123.587 21.662 20.993 25.981 26.392 20.776 25.363 24.388 27.969 22.914 21.017 22.134 24.024 28.291 25.496 20.557 20.595 24.383 2.695 3.229 3.493 3.985 3.371 3.869 3.327 3.48 3.689 2.414 2.466 3.647 2.176 3.015 3.892 3.407 3.117 100.298 121.683 130.585 109.4 121.303 100.052 132.323 110.677 122.638 104.929 116.193 120.876 105.306 126.157 117.738 100.068 103.666 
3 5 8 17 7 11 16 4 12 18 13 19 33.576 30.477 27.745 27.978 3.093 16.018 24.626 24.317 19.146 21.829 30.938 32.508 110.305 127.503 125.973 100.419 120.365 131.457 101.117 109.586 110.692 117.803 106.576 100.453 29.246 27.267 28.718 20.193 29.254 26.14 27.774 24.424 24.73 22.33 29.308 23.258 2.244 3.742 3.517 3.099 2.869 2.926 2.535 2.599 3.206 2.913 3.047 3.753 128.588 123.164 108.105 114.137 104.976 119.845 119.654 114.707 106.987 102.196 110.488 127.906 
14 10 15 14.198 20.207 15.269 105.867 103.425 108.751 27.84 20.079 23.716 3.305 2.15 3.867 112.069 102.989 101.606 
19 18 4 5 13 15 2 6 3 11 8 17 12 9 10 7 1 16 14 29.413 2.83 4.257 33.264 9.053 11.455 7.822 23.153 33.092 4.613 21.001 30.034 29.415 20.363 22.118 21.676 9.67 33.122 10.691 117.227 103.761 119.212 123.88 110.206 132.426 126.449 129.74 103.932 130.202 124.901 110.98 112.472 110.134 122.681 114.508 125.424 122.075 127.304 21.697 24.986 28.094 27.564 23.24 25.95 20.058 26.435 23.693 21.244 24.278 27.341 26.965 22.762 21.011 28.714 26.108 20.13 22.462 2.673 2.302 2.13 2.119 2.778 3.659 2.604 2.412 3.194 3.658 2.18 3.744 2.19 3.969 2.83 2.376 2.8 2.122 3.665 120.018 106.708 101.619 110.935 114.258 117.655 122.648 109.269 117.842 119.665 118.332 128.147 108.504 105.438 119.865 128.021 124.714 118.173 128.032 
15 8 17 9 14 5 18 19 3 12 13 16 10 20 6 2 7 1 4 24.097 24.091 6.111 12.08 1.618 10.458 3.049 31.608 14.469 7.266 9.521 7.484 11.941 15.101 3.242 18.995 30.174 4.669 14.957 129.622 120.945 104.52 112.825 109.622 111.937 100.812 110.226 115.9 127.423 124.261 130.775 124.929 103.409 131.596 108.905 116.727 110.928 122.218 23.439 26.11 24.455 26.132 26.584 27.884 21.922 20.184 21.241 27.065 27.716 28.65 20.353 24.134 25.26 22.361 24.886 25.354 22.748 2.435 3.76 2.845 3.272 3.244 2.537 2.26 2.95 3.166 2.701 2.047 2.792 2.909 2.787 2.244 3.366 3.589 2.085 3.456 119.324 112.552 102.646 126.439 116.852 106.714 125.686 110.702 121.742 127.683 131.542 113.464 126.254 116.519 101.151 107.836 119.234 103.628 132.686 
20 10 12 4 14 31.914 3.979 16.553 20.669 21.541 104.427 131.17 121.798 132.143 110.698 29.991 28.588 23.519 29.703 23.675 3.73 2.364 3.46 3.723 3.495 102.476 107.327 100.487 119.29 118.444 
9 6 8 19 10 5 3 11 11.484 3.451 13.812 4.988 5.182 11.095 10.653 29.963 118.758 110.763 117.12 108.927 112.188 116.043 132.598 102.746 21.629 25.995 22.591 21.245 22.935 21.289 25.331 22.443 2.699 2.832 3.529 3.997 3.018 2.523 2.66 3.608 130.143 132.316 131.999 101.524 112.679 106.378 111.287 116.257 
16 12 1 3 14 10 8 5 17 20.907 33.729 13.829 30.674 21 10.303 27.65 11.957 22.808 126.95 129.493 117.153 102.625 121.059 107.145 110.537 105.442 124.088 26.931 26.756 24.925 24.641 25.617 24.365 23.345 29.78 27.235 3.333 2.041 3.005 3.491 2.82 2.325 2.41 3.751 2.116 109.986 129.286 126.062 109.226 105.23 109.383 126.558 115.208 116.651 
16 14 9 20 15 5 7 11 10 6 4 28.75 7.983 30.003 8.033 24.474 22.617 8.393 21.15 29.222 12.582 9.546 121.437 127.079 121.516 113.567 101.038 103.481 126.499 109.749 113.731 121.658 116.514 29.792 29.822 26.282 26.232 27.414 21.369 21.366 24.374 29.732 22.941 23.529 2.236 2.467 3.035 2.815 3.84 2.357 2.117 3.532 3.936 2.713 2.991 115.735 129.744 129.943 103.328 106.712 117.729 105.123 108.281 106.391 132.753 107.029 
13 20 10 4 12 8 14 7 18 1 17 16 18.807 4.692 24.882 1.827 28.896 10.092 21.807 4.515 7.485 16.643 9.634 23.78 117.673 118.388 113.643 127.472 128.21 122.056 128.193 104.505 105.177 130.636 113.325 104.271 23.223 25.522 28.419 21.538 23.37 20.832 21.493 25.232 22.054 23.37 23.584 29.368 3.216 2.224 3.06 3.445 2.85 2.635 2.359 2.322 2.274 2.505 2.87 2.781 105.592 118.487 130.456 103.077 120.511 101.154 101.527 100.94 110.882 109.106 118.267 126.627 
19 18 7 14 16 3 2 4 17 10 15 29.006 26.076 29.764 6.279 16.952 13.031 17.416 8.648 25.87 5.592 8.979 110.848 131.488 120.885 122.246 117.526 131.017 116.666 123.705 132.731 101.478 129.217 22.861 23.645 22.215 29.731 20.805 26.601 28.882 20.954 26.159 28.806 27.646 2.615 3.686 3.206 2.605 2.692 2.716 3.02 3.95 2.857 2.509 3.417 125.3 111.203 121.857 123.538 119.44 101.815 112.719 125.965 106.29 106.452 131.115 
15 11 26.238 30.777 123.725 114.813 21.17 23.912 3.006 2.358 102.776 127.594 
18 3 11 17 7 15 2 20 1 13 9 7.778 8.379 11.951 5.13 3.012 27.873 29.081 10.361 15.665 31.149 8.258 128.846 118.15 102.132 132.443 105.795 107.173 110.562 123.375 125.097 114.502 128.701 25.787 23.841 21.325 28.986 20.934 21.92 21.703 22.516 24.642 22.794 29.88 3.226 2.26 3.653 2.37 2.035 2.204 2.192 2.176 2.728 2.137 2.382 126.62 104.535 120.133 119.63 119.082 126.046 108.119 112.612 122.438 118.196 113.821 
11 5 8 4 18 2 14 13 3 17 15 19 10 6 12 20 7 1 12.591 29.584 8.494 5.507 28.326 30.666 14.821 18.794 3.595 18.571 6.68 5.049 18.352 17.963 17.608 16.182 32.718 13.906 120.009 101.145 111.919 119.503 122.227 109.932 122.501 120.353 115.909 120.289 111.402 111.206 119.961 106.165 113.911 131.171 122.806 129.131 20.576 29.643 22.455 27.541 21.24 27.9 22.916 27.215 21.792 23.765 22.092 24.315 20.471 21.707 23.503 22.421 23.935 23.186 2.506 2.106 2.9 2.996 2.601 3.286 2.834 3.929 3.652 2.681 3.715 2.486 2.451 2.896 3.88 3.312 3.483 3.863 110.311 122.314 111.196 111.208 103.594 127.904 130.745 129.518 111.998 111.415 114.945 129.582 131.255 100.828 114.526 128.631 109.309 105.967 
18 12 2 1 1.827 20.515 5.636 9.65 117.155 120.992 125.275 130.306 21.542 20.855 20.966 27.218 3.176 2.985 3.573 2.153 118.844 100.765 127.95 115.248 
19 4 6 11 16 17 13 18 2 12 25.197 8.389 26.504 9.803 10.121 18.221 10.841 30.205 16.714 27.559 116.137 101.145 109.968 110.532 124.559 121.709 130.245 128.468 105.613 112.416 20.049 22.398 24.455 21.064 20.702 27.014 26.636 25.147 21.543 22.046 2.575 2.542 3.868 3.936 2.548 2.027 2.452 3.756 3.253 2.266 115.669 119.928 117.927 101.445 106.906 114.432 131.275 104.168 132.552 105.071 
4 19 2 8 7 18 3 11 13 9 5 6 12 15 10 28.621 6.306 15.468 23.776 25.596 12.652 3.138 12.293 28.38 7.97 18.01 27.973 5.305 13.296 5.895 125.432 104.896 115.259 103.875 104.178 112.645 122.652 107.097 125.128 129.011 109.116 106.105 123.177 112.852 104.656 20.934 22.129 23.979 22.972 23.435 25.018 22.262 27.8 22.168 20.717 25.469 23.496 20.874 22.656 22.572 3.144 2.559 3.026 2.44 3.775 2.344 2.872 2.097 2.82 2.341 3.422 3.981 3.827 2.601 2.583 118.091 125.306 128.805 104.235 118.004 120.638 110.054 106.508 107.311 104.757 119.876 113 114.169 126.846 117.685 
4 7 15 9 20 16 12 17 11 18 10 14 3 8 5 6 19 5.555 23.218 31.403 13.71 15.726 8.551 21.279 29.628 17.545 32.36 16.231 5.699 21.273 27.526 15.33 10.901 31.001 119.449 102.583 111.279 101.573 130.998 106.423 106.473 122.526 132.305 117.429 127.298 126.942 117.876 122.852 119.467 112.892 112.712 24.729 23.21 29.834 20.379 25.08 20.059 29.973 29.171 25.137 28.833 28.459 26.69 26.544 21.669 24.916 22.763 22.457 2.754 2.52 3.466 3.008 2.563 3.034 3.022 2.292 2.596 2.249 3.504 3.775 2.711 2.947 3.124 3.244 3.367 124.136 107.658 101.507 106.154 101.876 131.847 130.665 119.334 115.764 108.901 130.61 102.237 104.215 118.89 126.05 119.894 126.419 
14 19 17 6.038 15.433 5.546 116.611 103.231 115.681 21.063 24.101 24.848 2.068 2.805 2.528 118.024 128.1 132.685 
17 16 3 7 11 19 33.123 11.582 27.559 27.765 28.704 25.676 104.611 128.591 126.691 120.019 124.588 101.909 27.037 25.783 23.46 22.095 24.153 29.048 3.725 3.438 3.17 3.204 3.497 2.534 119.52 111.216 101.916 114.675 131.083 103 
6 16 2 14 11 3 5 13 7 1 19 31.997 17.707 21.538 28.903 32.013 13.037 15.687 10.617 21.903 2.045 29.328 130.599 122.679 100.531 108.332 112.678 116.851 128.143 107.811 119.005 114.881 120.202 27.168 24.069 23.171 26.589 21.415 24.202 28.026 27.191 20.247 21.191 29.738 3.43 3.013 2.331 2.923 2.897 3.19 2.631 2.332 3.843 3.061 2.485 114.104 116.866 116.674 122.975 111.582 131.082 109.437 101.742 114.22 122.349 100.265 
12 7 14 21.475 17.766 26.568 102.99 119.54 129.531 20.427 24.721 21.232 2.707 2.684 3.094 100.447 118.435 131.646 
11 3 2 9 6 18 13 4 17 8 16.303 33.256 29.117 13.739 19.146 22.307 17.319 11.1 1.707 12.007 128.548 126.423 131.115 115.028 108.571 130.29 101.143 131.608 107.127 111.647 22.379 22.373 20.184 28.743 27.346 25.385 21.589 29.623 24.248 23.932 2.888 2.567 3.168 3.607 2.716 2.807 3.802 2.787 3.734 2.374 113.793 105.842 130.335 125.832 129.33 131.575 122.126 101.251 106.79 105.642 
13 15.334 111.735 23.422 2.71 128.801 
15 13 8 7 10 6 20 9 14 2 12 18 11 16.596 16.622 10.365 17.513 6.729 30.576 28.822 3.199 14.118 16.061 18.754 24.073 31.264 127.746 123.941 113.93 128.988 120.724 107.985 121.118 127.641 107.443 102.584 105.949 113.214 104.539 28.595 26.541 26.117 25.462 29.112 28.599 24.671 22.757 28.619 23.147 23.25 23.942 24.802 2.685 2.315 2.168 3.089 3.66 3.271 2.863 2.238 2.265 2.276 2.149 3.366 3.191 121.263 126.98 104.71 124.715 113.067 131.601 115.995 119.67 122.222 110.11 100.148 103.858 125.798 
9 4 2 14 13 6 3 7 19 11 15 12 16 17 18 1 10 31.492 24.583 25.309 19.568 25.19 28.068 21.752 29.319 4.903 10.644 4.305 24.89 3.218 26.625 25.535 4.884 30.555 108.699 111.712 102.057 130.037 106.701 100.478 113.002 126.617 112.486 107.363 118.253 130.49 110.406 109.115 119.613 127.111 122.351 21.68 22.917 27.08 29.19 25.908 21.195 26.531 25.851 27.707 26.569 23.139 24.804 22.518 22.656 28.8 21.295 25.225 3.213 3.931 2.586 2.232 2.462 2.898 2.71 3.28 3.566 3.57 3.068 2.398 2.476 3.751 3.363 3.969 3.953 102.86 124.676 131.491 115.102 128.534 118.696 106.866 132.671 108.617 128.014 119.175 111.477 108.684 105.169 108.762 132.066 100.43 
2 5 18 17 19 16 11 13 3 14 7 10 5.281 22.97 14.295 1.593 19.988 21.993 30.44 9.825 27.845 13.977 28.623 30.474 108.203 132.758 124.82 123.979 125.25 105.077 127.56 124.287 107.767 114.597 112.395 115.317 21.506 29.974 21.358 22.273 28.653 22.528 21.561 21.48 29.009 22.1 28.52 27.231 3.754 3.981 3.195 2.59 3.982 2.857 3.597 2.111 2.029 3.775 3.973 2.658 116.429 121.09 101.139 102.334 127.57 128.331 112.375 127.516 122.975 103.922 103.891 102.226 
15 10 3 4 12 5 15.912 17.546 29.524 18.839 26.01 8.481 114.367 119.05 118.5 122.384 123.282 107.116 27.115 29.753 22.921 27.881 24.988 28.354 2.148 2.662 3.181 2.889 2.023 2.029 131.629 124.728 127.51 110.061 132.55 113.168 
2 20 7.488 6.725 116.18 125.966 20.271 20.134 3.713 2.973 104.137 108.916 
19 20 15 4 10 14 6 17 2 19.955 17.304 33.006 32.329 30.097 21.342 31.222 25.958 26.596 109.927 130.088 108.719 130.601 113.722 104.313 103.062 119.581 111.264 27.956 24.813 25.033 23.585 27.021 27.355 28.122 24.101 24.585 2.743 3.833 2.315 2.767 3.874 3.796 2.775 2.315 2.49 116.309 116.088 119.803 121.822 124 129.797 111.752 107.998 128.425 
15 17 11 9 12 3 6 5 10 21.353 12.992 13.75 22.163 4.274 32.353 19.106 10.663 30.253 128.959 109.148 110.517 100.364 116.241 128.598 108.602 132.456 107.647 22.067 24.439 22.905 25.243 28.592 22.057 27.958 22.554 22.972 3.933 3.314 3.424 3.944 2.869 2.909 3.643 3.613 2.887 127.791 118.523 130.592 107.713 123.297 127.459 106.727 104.24 131.653 
2 4 18 10 14 7 8 5 6 16 11 20 12 15 9 13 3 1 19 2.853 5.086 32.107 12.877 2.296 1.84 8.017 4.673 27.748 22.101 15.335 15.279 6.869 21.016 7.584 22.726 14.602 25.163 19.149 122.845 105.262 118.878 131.286 110.342 104.094 112.266 101.149 100.112 107.037 127.096 131.67 131.997 102.932 117.495 123.365 118.028 122.294 118.662 21.099 26.719 23.033 22.246 20.311 21.022 22.793 27.764 21.992 22.352 20.124 22.676 28.002 29.166 26.865 27.683 24.641 28.449 21.643 3.048 3.772 3.255 2.699 3.007 3.821 3.055 3.519 3.667 3.38 2.828 2.178 3.062 3.645 3.704 2.713 3.424 2.786 2.453 107.113 103.036 116.367 130.85 127.483 111.337 103.967 123.687 105.99 112.055 117.544 103.673 129.548 106.611 103.631 100.275 125.706 117.042 106.916 
14 9 12 18 17 11 20 7 10 8 5 6 3 2 13 4 15 1 16 17.626 22.147 27.595 13.144 21.492 9.225 5.885 27.063 12.089 9.299 14.356 6.099 2.817 4.072 25.802 32.399 24.176 5.103 7.678 115.993 100.784 129.623 111.118 122.649 116.695 112.814 111.84 107.607 129.339 123.494 113.235 120.69 111.571 121.893 123.073 129.126 108.151 118.004 20.926 26.389 23.553 29.025 25.25 28.907 27.862 25.784 21.815 27.561 24.417 23.249 27.133 20.092 28.226 28.339 23.78 28.954 20.93 3.383 3.888 3.563 2.305 3.374 3.085 3.391 3.231 3.085 2.843 3.662 3.642 2.106 2.228 3.512 2.973 3.73 3.706 2.432 119.015 104.479 118.252 114.011 123.641 123.662 125.429 127.483 109.864 116.122 103.242 116.309 128.334 129.732 111.411 126.88 100.508 103.562 124.682 
14 2 5 16 20 18.508 11.135 10.532 14.251 15.903 130.573 123.045 132.705 104.465 120.84 21.071 23.567 26.095 27.761 22.477 2.354 3.446 3.9 2.408 3.975 118.811 122.744 112.578 103.41 108.453 
7 16 10 4 5 18 9 3 8 11 14 15 2 13 6 11.331 28.469 17.837 1.93 18.587 11.809 3.408 25.259 25.428 4.829 5.285 12.117 19.357 3.183 14.569 104.856 132.339 124.111 100.961 100.714 114.566 113.725 130.785 101.063 110.862 118.786 110.271 117.995 113.581 125.509 29.012 23.766 26.893 28.949 22.747 20.968 29.989 26.424 29.141 21.421 27.641 26.507 26.762 22.266 20.739 2.157 2.042 2.388 3.753 2.111 2.054 2.917 3.648 2.712 3.746 3.077 2.33 3.855 3.714 2.098 111.401 129.551 108.991 119.22 108.596 106.316 121.133 123.194 110.198 115.529 117.038 130.193 105.63 110.984 125.064 
5 12 19 7 1 10 15 17 14 8 2 6 18 3 1.758 22.673 3.269 7.34 11.808 8.758 18.642 6.106 16.35 12.139 29.993 17.711 5.642 12.965 130.103 111.388 100.291 101.05 129.089 106.717 103.973 123.109 121.102 106.189 121.999 125.242 120.985 120.011 26.997 29.593 25.375 29.906 20.366 24.161 23.308 25.448 21.863 29.59 29.917 20.254 22.746 25.331 3.911 3.031 3.883 3.288 3.997 3.295 2.673 3.228 3.824 3.635 3.422 3.467 2.502 2.088 122.041 114.156 115.946 103.07 104.999 108.431 127.362 123.545 127.537 125.883 119.641 129.085 109.832 114.739 
14 18 3 10 13 9 2 8 15 5 19 18.439 24.041 28.592 29.382 26.679 21.497 5.097 21.54 13.886 32.444 4.944 106.198 114.364 116.298 128.847 120.038 119.583 104.615 112.617 112.959 117.722 128.103 29.845 21.034 20.011 29.393 28.534 21.858 21.813 27.568 23.847 29.144 21.633 3.99 3.349 3.579 3.071 2.1 3.483 3.604 3.259 3.867 3.034 2.787 100.218 126.368 122.523 123.157 121.428 108.992 103.03 129.556 109.027 115.371 109.352 
3 16 12 6 20 4 2 13 18 17 14 5 8 19 9 1 14.834 5.242 2.329 2.311 28.819 16.857 15.476 11.983 26.862 8.171 16.403 28.852 19.001 24.416 20.214 30.341 120.139 124.897 106.258 115.479 128.753 116.117 130.37 132.323 120.244 102.675 124.592 121.632 112.811 122.729 105.796 113.891 25.748 24.658 29.795 28.554 22.369 21.577 24.085 20.327 26.336 23.218 23.886 29.615 27.803 28.846 20.104 22.747 2.194 2.245 3.863 3.955 3.718 3.374 2.764 3.55 2.629 2.797 2.292 2.259 3.54 3.177 3.102 2.595 130.36 112.174 123.12 129.582 119.445 117.482 119.683 115.292 131.983 122.799 119.129 129.711 103.008 107.553 125.075 123.275 
11 16 13 14 7 26.32 17.745 16.882 26.449 14.946 129.93 120.254 102.73 106.527 102.243 21.828 22.347 29.863 21.322 22.511 3.795 2.1 3.238 2.584 2.633 129.787 103.211 130.061 111.554 123.27 
3 12 13 9 4 7 14 16 18 8 5 2.403 8.489 7.159 26.587 1.848 14.391 28.516 17.678 1.392 10.073 25.311 110.578 129.029 102.545 131.599 103.392 107.65 128.401 113.14 115.915 122.934 118.358 28.094 28.106 27.369 24.406 23.6 20.533 26.924 26.95 27.597 26.612 27.112 3.941 3.882 2.607 2.981 2.977 2.221 3.696 2.311 3.191 2.187 2.487 123.024 123.905 115.343 130.035 123.274 100.529 107.499 104.163 117.752 110.319 113.361 
20 15 12 18 5 12.685 17.772 18.093 22.525 16.837 120.619 127.871 103.453 112.999 113.739 21.778 21.268 24.529 28.899 22.97 2.333 3.135 3.599 2.575 3.76 117.596 106.675 122.234 122.738 107.669 
13 10 15 2 9 19 1 4 14 20 7 16 1.974 17.333 19.574 31.717 20.659 10.349 24.704 30.067 20.043 20.252 29.513 30.929 107.256 104.966 126.072 102.208 120.256 114.217 112.608 114.134 126.68 130.708 124.102 112.881 23.259 20.501 23.99 22.575 20.256 21.092 24.989 23.575 20.67 22.336 23.746 26.423 3.49 3.354 2.981 2.29 2.379 2.165 3.454 2.371 3.474 2.343 3.332 2.576 132.096 119.169 105.877 114.56 105.336 132.563 115.116 130.129 107.782 128.879 120.653 113.749 
5 2 7 17 12 18 1 6 10 14 13 16 4.586 2.445 10.258 21.037 16.654 29.25 21.709 15.269 18.658 21.585 28.481 8.87 101.055 128.86 116.983 132.292 105.141 109.384 112.397 130.351 116.904 114.194 131.583 100.008 22.541 28.705 28.388 24.293 28.381 22.614 20.031 24.561 24.962 21.111 20.306 28.14 3.186 3.591 2.996 2.954 2.581 3.266 3.638 2.48 2.281 3.179 3.104 2.546 121.232 100.828 132.063 110.357 127.973 121.738 108.045 104.225 103.226 109.921 130.627 101.768 
18 10 13 8.947 20.971 10.198 108.806 127.716 111.53 21.291 23.515 25.215 3.904 3.348 2.98 110.802 128.996 116.073 
12 17 2 8 16 13 9.772 29.509 33.201 25.144 5.742 19.677 128.452 106.159 108.981 110.271 116.481 129.803 28.7 20.856 29.603 26.226 24.134 29.661 3.011 3.437 3.034 3.489 2.923 3.467 123.666 104.958 109.63 102.244 105.325 101.714 
3 14 17 3.515 12.611 18.597 110.712 109.525 128.096 29.732 20.752 21.076 3.699 2.561 3.405 119.025 132.087 105.414 
5 13 9 11 13.3 29.429 23.497 19.385 125.832 116.988 122.921 123.639 23.853 24.261 24.103 24.643 3.532 2.993 2.878 3.065 109.401 125.866 105.855 120.723 
19 13 10 8 1 15 5 14 17 3 9 1.365 10.411 2.15 15.024 25.421 20.277 11.699 29 30.797 24.868 4.954 116.207 130.255 128.761 103.817 104.033 111.408 106.48 126.107 129.161 114.4 109.99 21.702 24.306 26.648 20.283 23.819 22.108 20.265 28.435 21.701 26.591 21.502 3.988 3.783 2.207 3.688 3.568 3.089 2.826 3.481 3.223 2.61 3.055 128.942 121.742 117.305 109.317 118.566 125.03 114.736 127.206 102.003 122.605 100.752 
7 5 16 3 17 2 10 8 18 6 14 19 13 15 11 12 1 4 20 30.115 7.989 33.169 8.052 4.181 20.935 13.858 8.234 10.553 21.319 30.044 7.824 25.605 16.932 1.855 6.332 1.098 23.102 25.724 123.483 108.718 122.381 120.282 119.783 123.349 112.249 112.945 129.866 111.025 116.252 104.678 101.265 123.111 118.166 107.369 125.052 112.395 122.295 20.483 20.988 28.903 21.656 21.466 21.932 24.662 25.614 20.555 23.703 24.344 21.016 20.591 20.579 20.1 29.418 20.319 29.718 24.952 3.646 3.12 2.584 2.431 2.071 3.305 3.933 2.837 3.316 3.01 2.812 3.28 2.016 2.748 3.288 2.429 2.446 2.245 2.407 127.56 100.484 127.012 108.926 106.288 115.075 120.384 119.576 123.092 117.38 112.059 104.564 125.851 100.064 107.218 115.176 104.275 105.662 123.493 
4 17 11 9 19 16 15 5 6 10 1 8 29.351 25.086 10.12 20.266 5.812 20.277 22.786 16.287 26.091 29.194 26.71 11.878 112.962 119.367 127.386 104.559 100.786 124.946 117.798 106.818 123.159 121.48 106.518 123.831 26.021 20.922 24.915 20.02 28.597 20.656 20.814 21.789 22.279 21.961 21.017 21.488 3.048 2.895 2.716 3.219 2.285 2.067 2.291 3.743 3.895 2.419 3.77 2.725 123.908 111.483 128.209 112.787 119.085 109.101 101.235 124.09 121.803 114.52 132.645 113.237 
7 16 14 12 30.581 12.369 23.128 16.734 128.738 106.841 109.07 116.112 28.633 25.852 26.279 24.755 2.535 2.99 3.296 2.534 110.982 128.916 113.832 120.48 
19 9 1 15 16 7 10 14 17 18 5 11 12 2 14.141 11.875 3.074 31.841 22.595 9.098 13.085 17.824 18.961 18.876 8.437 24.851 13.834 33.566 120.543 108.135 126.355 114.096 116.646 112.975 129.641 124.624 130.22 109.394 100.96 112.937 123.424 113.588 23.486 27.678 24.201 25.248 21.2 26.441 27.738 20.893 22.373 20.091 20.132 28.436 28.891 28.669 3.043 3.545 3.327 3.073 3.842 2.024 2.365 3.718 3.795 2.273 2.237 3.933 2.574 3.1 111.403 100.076 117.361 102.392 125.391 101.624 115.104 129.193 132.669 127.078 112.746 118.611 128.614 119.736 
10 6 13 8 12 5 2 4 15 16 18 14 21.722 4.705 13.738 23.072 7.163 31.265 8.251 10.556 9.592 3.96 2.058 17.04 102.708 115.31 104.818 104.251 101.524 113.374 112.051 123.404 113.833 109.384 117.688 110.193 22.716 22.842 29.512 24.318 21.205 27.878 28.476 25.895 28.15 28.434 24.051 25.386 3.765 3.876 3.078 3.352 3.071 2.372 2.204 3.797 2.74 2.421 3.962 3.614 108.67 107.879 128.324 128.977 100.331 132.561 123.184 127.177 113.166 106.112 128.789 116.615 
10 13 19 4 3 17 6 6.748 15.465 14.709 13.415 23.102 7.651 2.021 127.091 117.578 126.444 107.521 115.075 105.645 120.656 28.133 24.835 20.302 25.888 21.287 20.425 28.81 2.625 2.081 2.222 3.791 2.965 2.615 2.306 102.42 122.853 101.458 118.812 103.289 106.338 111.384 
15 2 4 9 13 1 17 7 12 11 6 8 18 16 10 19 3 14 5 20 17.489 29.896 26.029 1.941 4.549 31.34 26.119 16.626 27.562 15.115 6.269 11.991 27.499 21.432 10.728 32.388 11.736 16.464 28.603 5.233 104.917 123.485 126.543 119.879 103.848 132.5 110.545 114.825 108.487 102.092 100.527 114.339 123.042 123.649 116.483 109.842 100.948 111.407 125.414 104.54 26.968 23.064 22.158 23.543 27.096 21.338 25.167 22.143 21.225 25.84 25.399 27.224 20.68 25.84 24.89 21.64 29.151 20.282 21.448 21.661 3.121 2.173 2.301 2.475 3.432 3.306 3.283 3.165 2.856 3.549 3.976 2.409 2.171 3.716 2.634 2.21 2.394 3.541 2.322 2.987 128.602 109.25 107.529 101.414 119.206 121.485 129.743 119.698 105.826 131.486 103.959 115.349 112.395 132.293 102.262 128.057 120.344 123.891 111.662 121.23 
14 3 19 5 9 17.686 30.19 18.894 3.746 25.529 101.796 110.867 104.035 124.816 123.101 25.96 22.273 27.721 23.54 28.31 2.498 3.163 3.533 3.971 3.225 128.048 132.718 115.113 118.982 122.1 
13 15 30.396 17.231 118.454 120.8 26.593 23.018 3.481 2.359 106.931 101.32 
10 4 10.839 15.87 116.716 111.416 20.886 22.508 2.423 2.293 123.887 123.434 
16 4 14.528 2.444 102.056 113.041 20.922 28.174 2.322 2.076 128.012 114.386 
3 9 13 19 14 12 3.195 25.397 30.059 14.348 3.854 19.778 109.535 128.029 125.261 113.392 106.913 118.065 23.498 24.819 27.041 21.026 28.641 29.131 2.664 3.758 3.328 2.314 2.162 2.114 116.376 111.616 120.989 115.384 123.201 131.332 
9 16 6 4 13 12.808 32.057 32.878 24.742 31.208 122.058 125.803 121.176 101.523 122.001 28.137 24.244 20.277 29.644 24.57 2.51 3.755 3.942 3.757 3.91 119.607 102.144 125.914 124.887 111.28 
17 31.159 115.971 20.76 3.286 125.376 
10 14 3 5 12 15 6 4 11 17 7 19 8 18 13 9 12.734 27.826 1.34 15.197 17.905 23.228 3.188 15.856 20.67 28.93 23.26 32.584 26.186 1.506 29.933 6.982 129.465 114.339 121.407 110.673 113.566 104.605 118.429 108.697 114.143 102.089 113.287 109.004 121.517 100.714 114.889 129.241 29.864 24.033 26.196 24.315 23.49 23.105 29.829 26.674 27.135 28.127 23.185 28.635 24.315 23.502 20.761 25.514 2.529 3.835 2.893 3.02 3.901 2.579 2.64 2.875 3.679 3.085 2.013 3.375 2.234 2.305 2.562 3.756 107.561 111.037 131.253 112.806 114.294 102.283 127.601 101.951 120.961 106.278 106.411 103.087 116.245 100.35 125.346 121.739 
13 12 16 9 11 18 14 10 6 3 17 2 8 1 19 20.407 2.179 24.551 13.076 20.851 33.488 3.26 2.721 7.393 25.99 25.567 7.341 24.742 27.585 7.881 114.446 124.779 113.787 106.305 109.499 104.412 118.525 124.54 105.229 112.416 128.195 100.53 106.258 129.883 132.723 27.441 23.851 25.224 28.95 22.304 26.369 21.603 23.967 29.701 28.693 20.819 24.942 22.953 27.446 27.073 3.967 2.314 3.043 2.629 2.41 3.029 2.943 2.04 2.891 3.07 2.756 2.65 2.606 3.956 3.467 102.012 124.512 114.953 127.42 108.172 120.982 106.875 129.136 111.254 101.194 122.667 110.398 125.647 116.716 100.248 
17 18 5 11 16 15 11.179 29.696 3.863 16.763 16.256 25.934 112.824 121.668 124.136 108.175 126.611 112.014 27.417 20.885 26.996 27.551 27.55 27.381 2.19 3.183 2.405 2.433 2.227 3.927 108.078 128.568 115.239 130.088 114.414 132.526 
5 17 2 12 20 15 8.956 31.707 18.781 19.302 27.852 7.307 128.227 107.353 110.635 102.021 113.842 102.256 23.579 21.721 27.006 28.555 20.586 22.471 3.275 3.853 2.965 2.263 2.554 2.229 122.632 123.15 111.801 110.963 132.42 120.896 
7 12 4 10 11 2 8 3 15 17 9 18 20 5 25.161 30.404 25.578 14.502 21.018 14.903 12.84 4.201 24.216 18.343 9.811 16.057 4.732 20.93 127.659 106.752 124.023 111.39 110.257 109.901 107.949 116.581 117.609 108.233 112.02 123.103 125.098 115.257 29.259 20.382 20.432 24.761 20.729 29.415 27.243 25.403 29.72 27.272 28.183 20.376 24.03 20.291 2.144 3.006 3.756 3.488 2.797 3.891 3.289 2.706 3.789 2.642 3.572 2.052 3.495 2.838 121.689 109.27 103.153 130.27 108.174 116.874 116.002 108.711 110.43 102.356 112.468 111.133 117.271 103.579 
9 8 2 16 15 17 2.984 8.411 1.745 12.595 30.32 3.584 112.349 120.288 130.228 103.436 107.58 115.699 23.446 23.906 21.586 22.748 28.243 22.625 3.71 2.869 2.265 2.125 3.005 3.055 131.27 120.75 120.527 126.157 119.782 113.107 
8 2 19 7 3 5 9 16 18 10 14 15 1 11 12 6 17 13 4 2.831 21.148 14.749 30.925 5.909 16.235 14.542 16.803 9.108 13.86 3.136 31.667 18.033 4.007 6.565 25.85 14.465 2.311 13.076 110.067 116.484 100.852 106.159 126.986 103.624 116.176 120.796 125.308 128.961 128.053 128.77 130.13 106.664 114.308 101.703 101.672 121.21 106.328 23.181 24.287 20.201 28.883 21.005 22.493 28.665 26.713 25.154 24.172 20.13 28.734 21.612 21.686 29.743 20.713 21.613 27.621 23.234 3.137 3.773 3.276 3.066 3.831 3.405 2.401 3.924 2.43 2.993 3.516 3.804 3.082 2.555 2.856 2.977 3.882 2.95 3.515 105.548 105.296 106.111 106.091 107.436 123.022 127.206 107.545 127.552 119.608 132.601 132.333 113.114 122.724 120.005 125.395 103.816 111.224 104.812 
3 8 14 12 17 7 19 10 2 16 4 6 13 5 15 11 9 18 20 1 10.457 13.653 25.718 10.568 13.409 21.983 31.419 15.125 19.564 17.317 13.55 4.646 1.401 28.672 29.337 13.615 7.033 30.442 12.38 31.907 122.078 112.829 120.216 132.237 123.471 120.728 106.693 101.398 126.921 107.821 110.389 126.838 113.881 126.638 130.536 117.246 131.231 111.489 122.937 126.189 27.885 21.479 26.99 22.583 21.487 27.926 28.361 25.518 29.132 24.576 26.661 21.005 25.648 21.966 20.96 26.61 23.811 29.601 23.093 23.055 2.687 2.851 2.448 3.055 3.91 3.338 2.373 2.794 2.122 3.729 2.96 3.066 3.852 3.522 3.784 2.252 3.72 3.43 3.887 3.874 120.63 108.543 102.327 120.391 107.933 113.15 127.839 109.214 116.204 110.413 132.606 113.503 121.102 116.731 122.612 129.982 104.819 120.973 111.94 125.182 
16 17 18 2 17.105 18.506 7.557 27.345 124.129 118.418 104.961 128.8 20.495 27.907 26.863 25.623 2.473 3.254 2.68 2.132 102.577 108.963 114.952 122.395 
19 2 11 3 6 7 19.967 14.04 21.809 7.911 1.332 13.043 117.163 112.736 107.726 117.71 102.434 122.015 25.072 24.948 20.58 29.787 23.287 29.243 2.818 2.566 2.358 2.559 2.562 2.361 126.524 115.355 104.314 119.894 104.203 106.493 
4 2 15 6 19 7 3 18 10 9 17 8 20 12 14 11 31.142 28.372 29.517 3.525 2.788 8.549 6.647 2.797 15.162 10.038 6.472 23.281 24.714 31.093 21.828 8.981 121.295 123.355 108.589 104.897 104.343 132.563 107.929 123.337 100.835 110.088 103.665 109.595 127.26 129.038 114.955 126.344 20.303 24.395 21.232 23.775 23.236 21.84 29.053 22.782 20.268 25.954 23.852 29.033 28.619 29.422 24.362 28.147 3.69 3.931 2.379 3.203 3.042 2.286 2.587 2.239 2.517 2.898 2.23 2.604 3.136 3.389 2.015 2.547 105.141 130.676 101.255 114.508 116.526 125.283 109.286 109.796 120.453 131.394 108.252 110.218 110.654 105.044 107.056 113.975 
20 2 3 11 15 9 6 11.854 27.396 3.856 11.536 10.899 2.484 2.754 130.735 106.21 110.596 131.036 113.994 104.972 110.798 23.102 25.027 27.758 28.145 29.412 23.619 27.468 2.923 3.044 2.356 2.798 3.509 3.394 2.416 104.034 105.59 126.193 122.125 101.124 122.218 101.318 
5 2 13 16 15 3 7 11 20 19 17 4 8 14 10 9 6 1.095 16.585 19.44 27.684 31.616 7.864 7.577 4.615 8.573 11.525 7.203 7.004 29.418 31.68 17.706 17.883 21.223 118.61 120.1 109.211 128.611 125.875 100.926 121.311 111.909 106.758 102.326 125.532 126.268 120.664 130.878 121.23 132.741 128.545 22.404 23.122 25.46 21.217 23.524 21.215 22.351 25.165 26.818 28.258 22.15 29.582 29.972 25.4 25.177 23.712 27.202 3.228 2.489 2.314 2.193 3.341 2.856 3.848 2.644 2.183 3.952 2.612 2.223 2.766 2.172 3.22 3.043 2.024 119.568 126.681 120.901 131.163 117.496 103.093 111.662 120.673 115.166 132.438 128.15 127.635 125.782 124.687 116.555 121.871 110.155 
8 16 2.007 21.041 114.748 129.681 22.176 27.927 3.134 3.805 110.172 117.774 
16 2 5 8 17 9 28.465 6.336 30.975 2.288 12.48 13.652 126.325 106.045 100.746 113.834 113.25 121.185 21.759 21.095 28.565 29.456 27.877 28.91 3.698 2.796 2.688 3.643 2.664 3.461 116.553 124.834 127.45 121.561 126.108 124.415 
16 7 23.498 6.238 128.668 118.711 23.661 24.919 3.27 2.067 131.334 128.176 
10 4 16 9 3 17 15 6 20 11 7 13 1 19 14 5 8 2 12 18 6.462 31.064 32.471 13.539 22.357 6.572 12.119 2.87 18.471 27.158 23.224 9.078 24.448 30.212 27.201 24.349 24.832 31.335 20.401 12.099 125.222 107.887 123.11 121.978 107.271 104.944 111.158 105.553 100.207 115.509 126.001 106.822 123.672 124.642 129.654 111.312 131.249 131.51 102.494 129.587 21.462 21.781 20.142 22.62 20.875 27.775 26.095 25.007 25.561 25.514 20.131 25.33 26.659 26.054 26.755 22.159 20.485 20.259 20.068 21.832 2.996 3.695 3.777 2.265 2.634 3.786 3.913 3.127 3.033 2.005 2.884 2.671 3.958 2.232 3.41 2.073 2.544 2.712 3.929 2.346 131.106 126.157 108.696 123.843 117.455 122.736 117.23 114.758 126.709 119.859 105.799 110.994 120.907 123.582 101.182 110.372 117.871 128.522 122.742 127.076 
3 5 17 12 19 15 11 8 7 2 10 6 13 14 18 16 2.46 8.97 28.068 4.117 3.375 26.38 10.921 24.103 13.024 26.768 26.526 5.896 7.228 18.105 31.655 22.429 118.371 111.067 131.644 111.537 114.36 125.404 115.832 106.111 104.711 130.313 118.243 114.08 130.23 111.868 100.931 111.638 21.847 24.26 25.253 22.945 24.1 26.239 21.308 25.895 21.498 23.315 29.042 29.495 26.014 25.156 21.025 27.506 3.948 3.07 3.971 3.945 2.414 2.452 2.251 3.978 2.709 2.304 3.479 2.225 2.858 2.906 2.861 2.781 130.051 115.506 132.757 125.064 104.84 110.7 107.2 116.917 113.205 126.221 125.487 126.649 128.634 115.595 131.594 105.834 
7 13 17 5 15 14 19 8 20 10 9 3 11 18 12 2 1 6 4 20.883 1.488 3.036 15.902 5.144 24.094 9.632 33.289 10.478 16.659 20.119 28.387 4.967 13.773 32.312 14.29 11.621 5.301 14.616 125.023 121.72 132.62 127.012 119.825 123.552 124.193 129.921 107.881 117.892 124.144 114.151 109.054 108.466 111.58 122.366 104.548 102.591 129.848 27.167 23.329 28.999 26.075 22.499 21.805 25.433 26.96 23.813 22.762 22.991 29.194 26.413 25.647 22.075 27.405 24.634 20.206 29.688 3.308 2.648 3.74 2.89 2.009 3.516 2.329 2.988 2.525 2.804 2.637 3.242 3.171 2.591 2.002 2.277 3.504 2.289 2.306 129.734 118.739 110.403 100.057 108.885 124.249 108.891 101.848 115.906 119.055 114.298 102.134 107.572 105.879 122.508 117.507 103.307 130.139 128.546 
9 7 10 16 6 13 8 14 2 11 19 17 18 20 5 1 12 3.16 25.367 21.062 15.14 27.449 12.572 23.169 13.528 2.864 23.866 6.233 33.271 10.267 12.524 30.765 17.146 28.629 112.484 126.234 117.75 117.082 128.377 126.376 103.205 109.957 122.641 107.736 126.705 130.631 100.239 132.428 114.953 109.035 109.094 21.183 27.572 20.144 29.991 21.339 27.522 22.349 25.111 26.197 21.958 23.643 22.516 21.409 20.159 29.395 24.585 20.778 3.151 3.442 2.774 2.908 2.758 2.382 3.559 3.04 3.191 2.964 3.103 3.555 3.231 2.074 2.141 3.124 3.552 103.24 120.368 131.843 119.707 128.399 117.167 131.014 124.107 132.051 118.949 126.943 112.332 103.205 118.253 115.851 125.052 110.396 
6 19 9 2 15 18 7 15.404 33.346 4.241 13.729 16.745 11.358 33.54 111.591 125.185 117.014 110.623 103.643 117.265 109.922 21.363 29.068 28.827 27.676 22.917 21.817 28.072 3.394 3.129 3.319 2.872 2.047 3.542 3.294 127.813 132.25 120.288 124.142 112.401 125.684 104.408 
5 13 28.487 32.848 107.503 111.394 28.033 27.097 3.116 2.081 117.207 105.019 
8 10 18 2.119 22.462 10.836 116.105 102.853 120.999 29.839 21.123 28.17 3.068 2.033 2.603 119.462 110.968 105.18 
7 6 19 11 18 17 3 15 2 20 10 13 12 31.29 22.338 4.46 11.099 4.025 27.085 11.513 31.338 27.562 28.646 27.951 24.973 24.886 109.146 111.57 113.251 119.345 101.11 104.462 123.58 107.582 120.009 104.168 130.17 103.011 122.231 27.934 20.728 20.527 26.054 28.432 22.825 20.496 23.527 21.988 25.393 21.508 26.958 21.711 2.685 2.805 2.419 3.382 3.258 2.403 2.314 2.435 3.218 3.435 2.981 2.698 3.99 120.868 121.689 118.378 122.461 103.81 103.366 123.852 110.966 128.184 112.096 123.531 104.79 120.578 
16 3 4 20 14 9 6 17 18 13 12 10 15 8 2 11 5 7 4.762 1.665 24.809 4.684 21.376 2.624 18.331 14.505 16.464 22.105 5.363 32.758 4.014 24.242 26.065 26.59 32.677 29.174 128.635 103.88 130.295 106.133 131.305 122.453 125.707 130.918 120.463 100.697 108.887 113.85 103.216 122.334 119.758 126.85 124.297 107.261 21.649 21.434 27.363 27.061 24.679 23.344 27.183 25.554 20.062 21.746 21.817 29.286 27.64 29.508 25.288 26.427 22.241 28.41 3.891 3.871 3.767 3.447 3.32 2.012 3.689 2.193 3.331 3.082 2.342 2.387 2.283 3.864 2.66 2.759 2.296 2.656 125.628 103.12 101.334 108.017 130.38 108.195 129.815 110.659 118.103 132.03 109.909 108.829 126.793 116.395 130.944 107.012 128.415 107.206 
13 6 7 1 11 10 16 19 17 14 8 18 17.599 25.708 29.047 19.343 10.574 15.594 26.811 10.7 28.6 16.01 31.875 24.247 119.845 108.289 100.517 131.965 125.013 121.759 128.64 129.3 107.363 117.573 125.021 128.841 25.589 29.129 21.046 22.348 22.419 20.823 21.976 23.628 27.511 22.811 28.229 28.316 3.098 3.078 3.606 3.445 2.547 3.611 3.249 3.132 3.359 2.362 2.458 2.004 122.556 107.718 106.49 118.74 130.966 100.175 126.039 115.986 126.49 112.973 107.78 121.181 
18 10 2 12 26.15 16.621 11.733 25.81 108.838 119.176 126.449 131.191 20.91 22.008 20.362 28.606 2.232 3.734 2.005 3.026 120.091 116.291 112.565 128.528 
5 16 10 17 15 11 20 14 8 16.027 6.342 26.58 33.449 30.751 27.664 24.751 26.925 21.91 104.088 119.193 130.47 124.479 105.062 120.716 125.18 104.692 122.725 24.546 26.971 22.074 20.186 20.286 20.652 22.65 21.022 21.415 2.133 3.842 3.482 3.466 2.321 3.381 3.812 2.628 3.165 107.786 129.857 130.763 110.926 111.446 110.01 103.82 102.348 108.505 
8 19 4 10 3 18 17 13 12 6 5 2 14 16 7 15 11 5.441 7.629 12.339 19.469 14.797 15.702 23.117 8.936 26.63 33.681 22.831 25.797 19.742 8.56 12.374 1.09 23.059 109.639 113.143 102.318 129.188 101.408 131.204 100.609 108.536 107.902 119.458 129.857 118.191 105.524 106.281 117.49 125.196 109.582 26.227 22.467 28.234 25.224 22.801 25.083 27.831 25.406 22.696 23.675 22.64 21.651 23.573 21.78 20.829 20.164 28.312 3.814 3.12 3.355 3.72 3.464 3.212 3.669 3.127 3.581 3.9 3.532 2.616 2.055 3.654 3.753 2.24 2.378 102.136 126.543 132.47 108.205 113.778 116.373 122.568 124.813 113.045 105.766 117.096 119.789 100.848 105.699 123.913 127.433 111.967 
5 20 10 15 17 12 1 11 18 1.768 12.31 31.996 11.944 15.227 11.951 19.067 3.987 19.652 110.764 116.803 130.998 102.311 125.481 128.024 106.648 112.669 124.59 20.586 24.546 22.572 24.682 29.762 21.22 22.882 22.664 25.284 2.142 2.025 3.416 2.577 3.64 3.341 2.107 2.978 2.136 112.603 128.792 108.068 115.556 121.45 114.481 127.172 123.913 113.455 
1 9 15 8 13 16 7 4 19 2 6 10 5 14 20 12 17 13.786 29.895 32.442 27.873 7.641 31.322 12.682 5.395 16.795 8.011 25.17 13.099 10.307 12.735 15.346 18.072 4.952 127.081 117.632 112.646 132.224 132.767 110.732 109.849 124.645 102.364 107.474 116.106 125.19 114.776 107.008 130.913 128.161 126.829 28.369 26.235 29.143 26.626 26.895 20.723 22.678 21.245 21.615 20.152 22.864 20.292 21.214 29.577 24.836 21.511 27.693 3.499 3.702 3.46 3.56 3.082 3.353 2.003 2.633 2.427 3.825 2.708 2.976 2.125 3.062 3.482 3.74 2.174 121.827 122.468 113.264 121.553 130.701 122.223 104.571 130.672 126.129 119.103 108.18 109.249 109.098 130.774 123.918 112.349 127.61 
7 9 14 4 3.583 13.438 23.239 27.661 129.604 128.703 118.166 108.717 25.761 22.372 24.161 25.724 2.163 3.209 2.354 3.898 126.732 123.613 109.467 107.07 
12 6 7 18 1 3 4 13 10 17 15.569 2.191 15.074 15.664 7.331 29.861 19.768 5.799 8.727 25.857 121.339 119.336 113.913 131.563 124.055 107.262 132.026 122.912 104.399 126.992 28.914 26.13 29.905 25.109 26.428 20.209 24.701 20.599 20.943 25 2.493 2.372 3.031 2.263 2.512 3.083 3.586 3.799 3.523 2.571 130.47 127.018 131.525 108.914 103.706 131.463 124.872 116.06 131.783 127.615 
16 5 13 2 12 8 14 10 4 17 7 3 15 18 6 9 11 20 19 19.568 22.657 8.4 21.388 25.806 3.923 9.428 21.846 8.24 23.601 32.114 22.797 2.708 25.003 12.111 19.414 11.099 23.858 18.279 129.41 104.896 132.228 105.901 119.3 119.037 126.405 115.018 107.602 102.623 114.426 129.88 117.851 129.13 115.367 112.033 127.185 108.376 106.036 21.163 28.124 23.173 26.433 20.273 22.875 26.495 22.115 28.636 20.029 24.989 21.998 29.301 24.691 23.804 25.22 23.426 23.375 21.077 3.823 2.014 3.314 2.189 2.419 2.237 2.667 3.635 2.851 2.834 3.659 3.951 3.894 3.9 2.119 2.169 2.001 3.571 3.99 125.521 104.044 124.066 127.134 122.432 114.763 113.216 117.074 118.205 127.558 121.66 104.662 115.206 130.61 117.096 111.562 126.724 127.714 104.598 
14 11 23.781 29.069 116.821 125.559 25.9 28.673 2.465 2.352 104.19 111.108 
18 17 7 3 6 2 19 5 1 11 10 29.497 11.425 27.105 19.302 6.652 22.517 22.347 19.003 2.18 2.697 1.869 106.228 115.552 122.269 107.733 116.752 132.005 127.3 120.513 109.808 106.85 130.625 25.328 24.984 28.304 21.124 28.378 24.339 27.83 22.986 27.739 21.284 20.566 3.418 2.135 2.722 2.99 2.989 2.022 2.623 2.47 3.866 2.817 3.043 103.777 124.276 103.88 120.277 117.377 103.986 105.844 119.385 128.663 104.522 115.293 
6 14 5 2 12 19 9 16 15 4 18 8 13 10 22.992 25.542 25.249 10.695 31.585 31.455 9.006 27.351 29.513 6.175 6.606 1.059 30.508 18.277 122.659 117.228 105.267 132.328 112.602 128.194 101.12 112.338 108.391 129.654 118.801 125.787 125.918 114.462 27.315 20.584 22.779 27.488 24.366 23.931 25.837 22.811 24.61 20.562 28.608 23.698 25.291 26.105 2.233 2.058 3.262 3.112 2.572 2.641 3.042 2.997 2.334 2.562 3.986 3.775 3.984 3.004 106.491 123.827 115.858 131.533 114.373 109.904 108.297 100.541 121.397 104.579 115.236 123.285 102.521 128.407 
15 5 14 13 16 6 3 19 16.319 11.614 2.447 18.497 2.823 7.183 6.939 3.327 105.634 130.828 125.311 109.948 126.517 131.568 102.719 122.689 20.361 26.956 29.757 20.171 25.104 28.547 24.671 29.396 2.73 2.913 3.995 2.307 3.98 3.418 2.017 3.003 130.257 120.698 130.242 100.239 124.906 111.235 132.593 118.637 
12 20 7 14 10 5 16 18.956 2.815 26.336 19.005 33.177 9.178 24.07 106.91 121.412 107.059 100.787 104.056 123.597 110.741 28.487 24.03 21.861 24.457 28.063 21.531 29.267 3.96 3.398 2.775 2.744 3.634 3.873 2.161 112.51 110.055 118.189 106.889 104.416 130.248 122.167 
4 16 12 8 13 7 11 18 17 14 5 15 1 8.49 1.973 5.523 20.137 17.862 23.037 20.124 17.189 31.693 9.916 8.227 6.789 14.352 113.351 128.215 101.545 120.477 121.398 109.058 126.471 130.601 103.909 106.555 118.474 119.774 124.43 22.44 23.144 26.272 26.397 22.431 21.799 21.618 24.831 24.246 28.741 24.15 23.941 20.312 3.214 3.604 2.344 3.721 2.169 3.84 2.646 2.548 2.689 3.17 2.515 3.493 3.297 126.508 104.488 128.14 117.382 120.984 117.268 130.935 125.686 117.239 113.452 107.729 112.709 111.664 
15 9 1 8 10 14 16 11 12 17 13 4 20 7 30.065 18.531 2.316 18.82 13.299 6.033 20.644 21.394 29.316 18.413 29.865 23.676 15.391 29.776 111.573 118.082 119.219 119.204 125.876 117.454 128.208 127.812 117.545 110.505 117.712 110.549 121.346 104.89 25.737 23.462 23.01 29.254 24.135 27.21 28.708 22.971 24.76 24.201 29.033 24.236 22.24 28.814 2.619 2.571 2.526 2.026 3.674 2.153 2.447 2.74 3.359 2.1 2.174 3.918 2.845 2.563 124.632 128.079 108.011 121.859 101.928 105.185 125.422 114.958 115.463 125.566 123.299 103.045 122.913 109.811 
15 18 7 25.634 23.22 24.159 127.262 113.76 115.527 27.648 28.586 23.243 3.572 2.346 3.148 103.995 122.464 107.963 
16 19 20 8 1.897 15.508 10.993 29.231 128.093 102.874 119.668 112.483 26.093 20.974 28.207 28.514 3.6 3.701 2.723 2.025 102.356 119.734 105.697 117.469 
2 16 3 9 1 18 10 4 7 10.439 29.706 26.505 12.901 12.855 24.643 8.578 16.331 12.879 121.618 130.845 123.818 117.35 132.535 114.467 123.634 102.588 122.736 24.705 29.31 23.032 21.139 28.023 23.054 27.047 25.371 27.242 3.464 3.13 3.229 2.281 2.278 3.87 2.831 3.67 2.821 123.731 127.821 111.313 107.04 103.949 119.395 130.043 110.233 124.671 
17 1 16 6 12 5 9 18 2 15 20 8 14 7 13 3 19 10 7.923 15.829 12.362 9.359 31.236 25.415 10.573 21.946 2.341 26.685 13.465 20.876 30.669 17.451 15.971 7.093 8.703 28.115 132.267 124.516 104.475 109.251 112.144 121.421 109.396 102.008 128.019 106.784 106.382 128.499 104.041 114.696 131.158 109.915 109.613 126.729 22.046 21.499 24.316 26.726 20.143 22.308 29.507 25.265 22.788 22.279 20.15 28.003 20.477 27.711 23.968 25.968 20.106 20.12 3.754 2.289 3.273 2.51 3.954 3.352 3.289 2.537 3.891 2.352 3.074 3.68 2.889 2.28 2.379 3.414 2.756 3.929 128.086 101.512 128.416 103.483 105.97 112.296 120.739 118.09 120.002 126.599 103.519 130.637 118.609 101.454 126.952 111.965 103.526 108.67 
13 8 15 14.461 7.94 11.787 100.869 114.861 103.713 20.449 20.483 20.101 3.221 2.297 3.108 100.676 130.77 109.688 
5 18 10 11 17 15 12 14 2 4 16 1 13 3 6 8 19 20 7 18.826 23.968 8.84 2.05 21.489 28.737 31.594 22.613 10.827 3.701 22.345 21.128 32.393 1.145 27.455 18.903 16.194 3.483 12.345 103.884 127.501 122.882 105.066 129.291 107.4 114.983 131.194 125.854 104.904 114.616 130.832 108.1 120.546 102.537 132.731 125.853 104.514 109.414 22.67 23.137 22.751 27.599 29.221 29.266 25.694 27.091 29.126 26.974 21.109 22.367 26.641 21.065 24.21 28.73 20.722 21.162 25.386 3.9 3.73 3.613 2.356 3.82 2.359 2.782 3.509 3.586 2.25 3.977 2.046 3.727 2.471 2.894 3.016 2.54 3.701 2.166 105.878 110.467 131.343 123.68 111.293 111.786 108.039 118.832 125.924 117.612 119.128 122.043 131.854 104.149 124.587 112.468 106.443 116.288 107.972 
18 8 19 7 1 5 11 14 4.03 6.129 26.596 18.903 19.53 13.05 16.383 29.731 109.962 107.034 132.292 113.96 118.403 104.397 130.315 106.098 27.13 29.366 21.145 25.388 25.815 22.58 28.171 21.09 3.827 3.211 3.598 3.998 2.679 3.698 3.744 2.034 119.047 110.785 130.293 113.057 111.984 109.434 118.823 115.761 
5 3 15 17 11 13 12 18 14 16 7 10 2.546 22.325 15.026 20.698 9.527 6.545 1.63 18.393 31.606 2.4 29.326 5.809 132.263 104.427 101.206 124.125 117.41 121.142 125.18 120.217 102.569 106.162 110.877 103.866 22.866 28.509 20.786 26.624 22.164 29.164 22.166 21.25 24.758 22.812 23.328 21.844 2.459 3.586 2.263 3.283 3.294 3.774 2.497 3.345 3.571 2.76 2.225 3.449 128.129 109.87 123.485 117.659 115.246 106.877 126.124 129.341 117.986 121.561 128.879 125.608 
5 12 3 15 19 4 8 17 1 1.37 4.837 30.368 9.739 18.662 18.99 20.8 33.276 10.721 107.215 123.376 113.907 108.97 120.179 129.728 120.204 120.573 100.188 21.24 28.123 20.022 28.663 26.769 27.337 21.567 29.072 24.529 3.78 2.005 2.63 3.709 2.921 3.171 2.716 2.687 3.582 108.995 106.093 105.848 124.913 120.236 129.335 101.335 119.265 124.145 
5 16 12 11 19 15 13 14 18 20 8 4 16.191 20.038 20.096 28.887 24.558 4.801 12.98 16.262 20.803 14.564 6.953 6.611 105.808 105.768 126.429 116.465 124.486 107.528 132.404 100.684 123.228 121.489 106.356 123.196 25.904 29.047 21.454 21.561 26.07 20.145 24.572 25.277 26.824 27.572 25.361 24.558 2.247 2.163 2.823 3.379 2.227 3.665 2.928 3.692 4 2.36 3.815 2.825 105.125 112.778 117.97 120.067 131.2 112.716 102.093 117.642 124.614 109.095 115.829 105.771 
14 8 3 2 11.559 4.044 7.223 13.527 123.703 111.123 129.208 119.053 20.958 27.148 21.813 29.309 2.949 2.994 3.689 3.732 117.499 117.605 115.365 105.054 
6 7 13 3 16 20 19 25.898 2.52 32.224 15.941 8.078 27.768 27.351 122.066 115.415 121.992 112.293 119.662 121.253 120.693 29.558 23.848 27.354 24.835 25.096 29.483 21.827 2.572 3.448 3.665 2.589 2.406 2.611 2.628 104.046 118.205 123.488 100.466 126.775 123.178 115.968 
6 16 19 8 7 17 18 13 12 30.727 22.657 6.371 33.276 6.371 10.954 18.867 9.677 33.516 132.655 112.711 119.942 114.463 130.182 121.645 102.223 132.243 109.054 23.545 21.674 27.121 29.906 20.843 25.894 22.906 23.859 20.444 2.36 2.195 2.012 2.792 3.774 2.176 3.85 2.282 2.473 110.787 114.049 110.597 113.909 105.632 101.98 121.439 120.933 108.309 
12 16 14 15 2 19 28.208 33.314 1.146 8.029 5.026 10.231 105.081 132.143 105.853 100.653 110.208 104.401 21.005 26.115 24.328 25.397 24.136 20.619 2.721 3.119 3.094 2.343 3.664 3.103 121.368 104.911 130.63 107.642 113.604 100.907 
2 19 8 7 12 6 3 4 10 11 20 9 14 18 13 5 16 15 17 1 24.014 1.577 24.033 18.512 18.541 3.401 9.423 19.165 30.213 13.059 15.699 9.334 16.133 6.37 33.375 17.82 3.58 2.82 11.303 28.668 106.923 103.637 109.781 129.867 117.688 125.302 121.816 128.973 100.56 109.712 126.12 121.672 110.557 100.66 102.046 116.228 103.696 107.42 111.258 101.551 22.214 29.389 29.594 23.333 27.46 24.257 28.375 23.414 24.854 26.568 26.402 21.234 21.258 25.912 21.007 20.359 20.805 22.436 24.723 28.289 3.502 3.274 2.017 3.276 3.183 2.363 2.863 2.344 3.542 3.932 2.712 3.967 2.189 3.086 3.012 2.841 3.054 3.847 3.437 3.867 130.8 132.148 130.033 106.004 129.996 112.048 127.117 106.824 121.426 114.677 116.086 104.361 108.317 105.478 127.791 109.817 122.618 103.242 106.004 111.221 
3 6 19 9 7 2 10 17 15 1 13 8 12 5 14 18 4 16 20 22.07 26.064 13.602 11.644 12.144 20.152 3.812 3.081 21.645 4.184 23.909 29.598 31.938 29.209 17.214 20.995 7.69 5.151 6.609 110.677 110.652 114.902 120.713 101.788 115.15 103.207 115.133 116.943 117.519 118.299 128.768 112.614 101.732 107.407 114.573 108.744 125.801 116.416 20.712 22.334 29.97 20.176 22 29.573 29.552 23.898 24.932 24.814 22.088 25.508 20.66 29.592 22.038 22.724 28.077 23.635 21.43 2.708 2.873 3.892 3.147 3.291 3.715 3.734 3.623 2.311 2.251 3.554 2.218 2.304 2.774 3.649 2.649 3.982 2.751 2.22 123.396 117.813 100.04 127.309 102.896 115.359 106.301 100.88 106.88 132.524 131.876 118.899 101.454 118.424 115.351 106.681 120.806 130.52 108.806 
3 4 11.765 18.886 121.102 129.355 20.056 27.05 2.851 2.648 110.419 113.69 
9 12 1 4.491 9.097 2.609 126.526 100.551 115.263 26.091 29.732 26.325 2.498 2.138 2.079 120.47 106.966 110.391 
7 19 11 15 6 18 12 8 13 16 14 2 1 19.878 4.685 6.753 21.567 29.639 9.08 18.549 24.705 22.979 26.231 24.799 12.88 21.877 121.858 109.99 127.619 115.458 118.511 123.607 110.659 121.857 118.391 114.938 117.486 101.128 125.32 20.241 20.822 25.27 28.532 24.023 21.373 21.442 26.001 23.372 28.479 20.229 21.841 22.388 3.754 2.16 2.868 2.385 2.736 3.13 2.291 2.622 2.793 2.848 3.885 2.589 2.442 118.382 100.275 103.863 111.968 119.738 110.941 105.549 132.646 124.434 120.219 123.399 119.004 104.577 
12 9 16 3 18 11 17 14 2 6 7 10 19 8 20 5 13 4 15 23.928 31.096 27.196 30.937 23.731 10.943 6.594 12.151 15.243 3.94 19.599 18.46 25.783 10.194 32.69 4.27 24.404 19.519 8.665 104.935 112.102 103.062 113.777 117.066 124.147 124.686 118.376 116.869 106.016 103.468 116.065 118.759 101.712 120.788 123.641 125.1 126.114 115.262 29.758 27.454 23.394 27.103 20.43 28.046 23.572 24.1 23.909 25.365 27.422 23.91 22.578 28.517 24.339 22.248 27.804 20.435 22.756 3.125 2.319 2.834 3.872 3.279 3.577 3.512 2.174 3.565 2.553 3.335 2.427 2.66 2.615 3.386 2.745 2.782 3.284 2.7 124.075 117.134 132.403 130.956 132.121 125.274 112.588 101.639 121.363 106.856 115.184 112.366 124.324 113.698 110.002 123.674 108.815 120.665 127.983 
17 16 5 19 8 1 9 11 15 2 20 10 14 12 7 4 15.674 7.885 3.202 31.495 31.678 31.54 1.199 27.287 9.226 8.094 14.537 32.383 6.89 22.901 3.364 25.625 101.403 122.16 108.739 115.846 132.351 105.15 122.033 111.414 108.734 111.185 104.132 124.633 113.535 128.841 114.03 117.351 23.245 21.867 27.34 23.158 28.343 22.552 22.893 21.922 29.944 21.778 25.772 20.513 21.718 22.477 27.024 27.129 3.667 2.89 2.563 2.99 2.082 2.425 2.459 2.013 2.467 3.387 2.785 2.257 3.08 2.064 2.107 3.812 126.125 118.61 105.949 126.393 110.297 126.927 105.623 102.707 107.703 110.484 111.217 107.627 126.966 111.965 100.291 104.623 
9 8 20 13 6 1 7 19 2 18 5 12 16 10 15 11 14 4 3 5.528 10.598 16.432 31.201 13.456 26.48 6.008 6.427 23.538 1.37 6.088 18.239 3.205 27.103 4.544 17.409 12.929 3.686 7.93 127.962 122.795 125.839 112.456 109.979 100.122 109.158 115.095 100.215 108.395 128.774 109.891 114.961 110.85 111.183 131.452 100.204 103.722 122.738 26.845 20.408 27.413 20.851 29.885 21.943 26.474 26.032 27.013 22.87 29.204 24.181 26.613 21.257 26.844 27.174 24.771 23.274 26.983 3.203 2.174 2.97 3.697 3.328 2.924 2.261 3.452 3.389 2.604 2.639 3.328 3.49 2.118 3.85 2.297 3.668 3.396 2.376 112.765 103.321 129.839 111.452 127.223 109.812 124.159 121.227 115.659 103.313 132.639 106.624 128.049 124.37 101.184 109.238 123.139 128.061 129.946 
8 1 16.223 1.145 117.54 126.837 28.05 20.951 2.198 3.633 107.021 125.554 
16 4 14.939 11.591 105.265 121.002 21.648 21.54 2.58 3.537 109.051 124.337 
17 4 11 15 14 7 3 5 2 18 8 19 12 9 26.691 1.848 23.34 10.696 1.979 21.758 10.895 22.976 17.585 16.836 23.174 17.213 1.875 15.053 128.145 108.781 120.202 110.611 100.109 128.848 101.416 101.674 113.201 104.167 113.043 113.302 131.626 129.666 20.687 23.728 29.314 20.4 24.747 25.018 21.601 27.89 25.791 20.771 21.554 24.781 23.746 20.766 2.95 2.875 3.894 3.057 3.507 3.909 2.838 3.128 3.682 3.871 3.784 3.891 2.306 3.904 125.805 100.326 101.278 113.656 123.801 114.974 126.978 130.796 125.342 124.068 130.545 106.461 100.811 119.131 
11 18 2 14 17 5 12 7 8 9 10 1 15 6 16 4 19 3 22.926 10.176 23.511 17.025 10.469 31.999 10.123 15.691 24.082 12.055 21.933 14.829 22.101 29.204 9.891 8.579 5.992 12.699 107.462 116.276 117.703 128.742 129.716 128.436 126.888 132.708 107.544 103.99 117.597 131.535 111.479 121.718 112.84 113.746 117.987 114.83 28.949 21.763 25.756 29.629 27.367 28.739 23.75 25.232 28.06 25.376 21.67 28.174 29.172 21.027 24.353 25.886 26.207 20.875 2.72 2.58 3.563 2.205 3.783 3.078 2.129 3.246 3.46 3.108 2.996 3.622 3.884 2.002 2.598 3.599 3.417 3.58 111.39 118.511 129.198 121.038 123.268 116.883 121.472 110.434 110.827 101.165 131.457 125.48 130.172 103.188 102.213 106.679 116.864 111.161 
7 4 17 13 15 19 30.889 22.348 29.856 6.108 1.966 2.585 111.773 131.589 103.831 116.979 131.156 119.487 25.704 26.727 21.688 20.65 27.566 23.01 3.612 3.145 2.431 2.827 2.245 3.704 129.976 131.871 121.125 117.59 109.865 122.607 
19 16 11 13 2 7 8 18 12 12.839 20.929 25.924 26.488 12.181 7.23 13.235 4.025 9.325 130.789 116.093 104.924 110.396 120.531 101.21 132.234 117.405 115.118 28.044 25.937 22.958 22.308 20.121 26.918 26.385 25.046 25.001 3.49 3.637 3.452 3.427 2.037 3.594 2.398 3.276 3.261 124.61 118.641 114.033 110.074 119.988 114.616 116.868 121.418 115.557 
20 1 8 19 6 3 10 9 26.864 31.142 4.288 9.135 1.632 24.388 5.99 5.505 105.872 128.263 115.936 126.09 107.034 124.214 128.042 127.844 23.074 23.299 21.964 25.376 25.259 21.488 20.069 24.844 3.906 3.699 2.014 3.433 2.843 2.985 3.225 3.241 104.9 117.73 102.76 129.312 128.334 102.966 115.923 104.429 
1 9 8 13 15 3 18 17 10 7 2 12 20 5 19 11 3.947 2.184 6.823 10.709 12.761 9.878 22.961 9.563 2.202 27.799 13.864 23.755 29.452 5.434 13.708 24.309 108.933 105.523 123.443 131.079 112.961 126.686 105.948 132.691 130.504 102.734 132.023 103.803 103.78 124.283 128.884 107.968 26.311 23.186 26.033 28.017 20.877 20.008 22.332 22.561 21.191 26.266 21.191 28.343 20.608 29.879 24.503 24.624 2.764 2.017 2.781 3.227 3.648 2.885 2.217 2.8 2.041 3.042 2.893 3.819 2.895 2.629 3.821 3.823 104.712 130.142 109.727 129.795 125.071 127.793 131.367 104.093 130.406 123.904 126.469 109.162 125.455 131.086 124.154 102.512 
12 20 16 5 17 14 6 2 13 8 3 1.495 26.032 10.482 6.264 14.585 31.087 17.55 9.818 15.724 28.934 8.506 119.29 126.185 117.307 102.485 109.186 115.326 131.892 111.229 126.479 116.227 108.892 21.89 22.918 24.349 25.299 28.048 24.765 26.759 25.155 24.835 23.583 21.055 3.199 3.614 2.24 3.031 3.176 2.986 2.809 3.996 3.61 3.179 3.548 103.15 127.78 116.403 126.501 120.157 129.849 121.487 122.752 124.61 119.271 132.137 
16 12 18 1 7 2 19 14 11 13 3 5 9 8 15 6.074 24.304 8.543 12.301 26.498 9.813 19.261 17.807 13.289 18.336 19.478 11.277 32.657 14.461 2.621 105.815 108.992 106.635 109.059 114.242 114.947 116.212 126.072 131.602 125.504 108.912 126.117 108.778 100.832 126.81 20.553 28.535 29.987 29.45 24.024 25.18 20.031 24.187 28.836 22.314 25.622 21.746 26.617 20.685 28.469 2.307 2.632 2.704 3.934 3.776 2.67 3.562 2.768 3.322 2.568 2.974 2.339 3.299 2.49 2.883 128.424 121.032 129.072 102.09 114.423 105.266 108.077 111.715 102.846 123.24 130.089 101.34 132.429 132.62 116.874 
12 9 17 7 6 4 15 2 13 10 5 8 19 11 28.964 4.029 14.722 33.524 3.079 21.384 23.565 20.439 3.359 2.37 16.15 3.156 20.508 23.342 126.623 116.508 130.14 115.812 100.646 108.48 129.789 119.573 129.169 120.131 103.527 123.2 130.588 128.704 29.511 22.772 20.118 25.189 24.629 20.156 20.953 21.332 29.076 21.9 24.205 21.107 25.167 21.543 3.988 3.103 2.986 3.039 2.464 2.507 2.853 3.966 2.799 3.305 3.592 2.003 3.531 2.285 127.01 121.385 129.298 112.332 121.323 104.607 126.337 122.959 132.661 123.264 119.001 132.75 132.068 127.862 
15 6 10 18 4 19 3 5 2 17 11 14 16 12 9 7 20.394 3.367 32.182 27.366 30.954 22.418 17.707 13.471 32.441 21.374 1.702 14.52 24.594 4.29 11.306 11.381 124.406 118.028 106.019 122.308 128.097 107.903 103.158 125.191 125.094 101.578 130.567 130.37 131.82 111.435 113.61 130.151 28.883 20.091 22.563 24.006 27.619 20.659 28.697 28.227 28.029 20.59 21.306 20.837 25.956 20.241 20.566 29.467 3.262 3.967 2.625 2.621 3.478 3.441 3.141 3.584 2.291 3.425 2.044 2.133 3.125 3.448 2.268 2.798 124.805 110.979 126.042 121.679 111.151 129.985 116.775 126.097 103.348 101.784 101.553 121.101 108.342 111.22 115.007 101.946 
13 9 11 15 10 8 19 14 16 3 5 12 6 18 7 6.622 4.353 25.621 22.034 16.483 31.428 28.946 10.634 19.178 28.576 27.499 27.891 12.689 20.553 5.592 126.062 108.064 110.677 108.099 104.325 120.974 126.261 107.885 123.371 124.4 111.252 127.747 126.289 130.946 125.389 25.41 29.297 28.641 20.905 28.384 25.322 23.026 20.815 25.557 25.187 21.696 24.464 23.994 20.061 21.491 3.115 2.13 2.315 3.642 3.668 3.302 3.725 2.678 3.909 2.802 2.659 2.465 3.58 2.556 2.054 119.464 116.925 104.402 119.881 108.724 112.943 105.719 112.292 117.89 101.482 100.765 120.562 126.231 100.715 117.911 
14 17 2 10 19 23.9 1.234 4.793 23.771 24.803 112.239 118.429 101.315 121.9 116.879 27.5 21.276 20.31 24.522 25.408 2.685 2.909 3.109 3.378 2.622 127.916 130.907 121.207 116.567 126.474 
9 5 6 16 7 7.95 32.291 27.642 32.865 27.602 109.301 118.639 103.172 113.324 105.515 26.297 27.92 21.117 21.427 24.218 2.65 3.373 2.992 3.827 2.961 115.914 128.13 104.155 111.998 113.149 
18 13 4 17 9 12 11 8 3 6 5 2 16 14 1 19 15 7 10 1.025 4.33 11.65 4.593 26.992 31.291 20.726 1.187 2.16 3.391 18.463 3.523 9.086 4.62 19.473 3.621 13.293 2.363 21.837 126.991 119.455 101.529 119.965 100.842 111.719 114.297 100.761 105.063 116.448 115.831 107.416 105.396 121.683 109.392 113.339 117.383 126.061 110.729 28.205 25.89 23.047 28.419 29.126 28.503 21.675 27.897 25.22 26.511 22.56 25.334 21.329 25.526 26.961 20.768 22.522 28.411 29.114 3.414 2.923 2.532 3.982 3.614 3.478 3.407 3.029 2.846 3.98 2.805 3.592 3.491 2.5 2.287 3.28 3.458 3.932 2.679 119.266 100.969 124.896 109.449 112.845 131.831 106.127 110.004 109.037 100.855 112.295 108.892 100.7 104.88 101.798 123.168 114.194 110.796 117.983 
6 4 7 11 17 3 2 16 8 19 14 1 5 13 18 10 28.042 22.115 19.953 14.57 2.884 33.244 7.886 10.42 32.766 5.533 21.244 28.19 31.017 32.805 31.365 1.621 113.152 105.076 101.86 125.214 105.214 118.307 122.899 120.598 106.181 124.932 129.045 122.471 104.972 115.9 126.853 123.79 21.232 27.589 23.175 25.203 26.422 29.007 20.406 24.687 25.615 29.21 22.365 23.348 29.918 20.958 22.744 23.757 2.585 2.499 3.581 2.406 3.173 3.384 3.378 2.423 3.892 2.775 2.07 2.986 3.507 2.27 2.778 3.42 112.446 101.331 103.799 129.612 114.366 126.986 104.941 128.477 121.972 123.88 122.002 115.568 123.508 129.027 120.631 111.335 
16 2 8 6 14 17 19 15 18.269 23.144 9.442 17.556 2.63 9.29 18.595 10.588 127.442 111.95 100.195 125.811 123.016 117.993 120.468 129.049 24.232 20.994 21.676 27.865 26.901 21.996 27.628 22.417 3.995 2.655 2.134 3.649 3.121 2.923 3.916 2.676 127.536 108.981 109.863 116.418 125.006 125.442 122.254 120.283 
19 17 18 11 3 13 12 5 4 10 16 1 3.78 14.861 17.568 2.191 14.075 3.451 13.151 6.519 9.236 16.635 6.589 4.099 115.064 100.101 126.404 118.085 132.535 123.126 124.2 125.872 122.861 124.969 125.772 126.542 22.934 29.301 22.176 23.664 22.64 21.717 21.36 29.712 22.08 24.47 22.251 29.726 3.457 3.36 3.662 3.095 3.059 2.422 3.546 3.25 3.145 2.853 3.432 3.793 125.665 105.189 120.08 111.835 123.844 114.841 110.617 116.626 108.397 117.878 108.859 107.069 
17 14 2 15 4 7 10 10.679 23.092 5.053 17.619 7.281 2.345 3.003 131.646 127.812 114.221 113.139 118.226 124.56 106.869 25.175 25.757 21.54 24.195 29.299 20.865 25.14 3.706 3.563 3.048 3.97 2.058 2.656 3.578 114.107 114.275 126.396 105.33 110.594 124.525 114.506 
18 5 1 3 9 2 4 17 31.578 1.073 13.411 21.789 27.314 24.474 18.711 14.446 105.58 103.086 109.018 122.348 122.53 108.716 113.979 123.386 22.149 24.001 24.16 20.352 20.116 27.132 25.727 27.239 2.463 3.512 3.4 2.479 3.588 2.603 3.006 2.907 101.124 117.103 114.042 113.893 110.508 112.943 104.531 123.986 
16 10 15 12 19 13 6 1 7 3 5 11 30.2 14.549 11.077 11.086 19.413 21.576 22.788 7.173 7.447 17.043 33.594 27.742 112.399 100.073 117.307 108.818 101.852 108.673 120.5 132.644 126.059 111.557 108.374 100.151 20.985 28.442 29.954 28.258 20.532 23.528 23.9 25.276 22.395 27.507 26.589 24.188 2.11 2.487 2.333 3.996 3.143 3.966 2.08 3.732 2.694 3.973 2.759 2.804 110.306 121.745 107.805 124.449 124.111 103.299 128.861 125.793 107.09 110.453 127.322 111.153 
13 3 6 5 16 1 15 17 14 4 21.692 31.066 18.336 24.411 11.189 31.355 26.455 30.501 24.265 21.54 122.278 102.823 124.34 130.515 101.206 125.208 124.191 129.176 102.706 119.111 29.195 26.115 29.913 25.746 25.756 22.644 28.622 21.139 23.667 28.994 3.09 2.851 2.709 3.366 2.603 3.71 2.96 3.285 3.385 2.31 109.399 105.098 100.625 105.995 114.337 129.729 128.873 101.963 131.909 104.164 
15 18 9 14 8 11 5.095 9.831 13.901 4.448 32.005 11.241 119.599 130.503 127.338 116.652 118.546 131.401 25.626 29.609 29.618 22.131 29.58 25.297 3.714 2.92 2.971 2.284 3.627 2.816 125.047 107.085 109.786 104.436 122.262 115.28 
12 19 18.59 3.281 119.323 120.28 24.038 26.598 3.058 2.626 106.465 103.527 
18 19 4 8 12 1.862 29.942 25.576 17.087 26.659 108.064 122.482 127.439 119.471 110.428 25.658 23.794 27.085 27.423 28.422 2.088 3.062 3.878 3.183 3.019 103.833 126.06 104.704 128.714 102.091 
14 15 2 20 6 13 1 11 10 7 17 8 12 4 5 16 29.669 12.768 28.938 11.048 11.564 4.22 31.525 19.274 32.941 11.395 19.638 10.732 7.691 3.8 17.31 33.721 102.156 110.05 109.856 117.528 119.111 115.942 107.575 111.018 112.972 113.635 109.398 126.019 122.073 101.748 122.689 114.413 23.103 22.521 24.61 20.494 22.183 27.423 22.807 22.207 25.45 20.704 20.969 20.417 21.268 26.911 25.503 27.289 3.696 3.605 3.54 2.404 2.717 2.92 2.971 3.24 2.077 3.992 2.994 2.06 2.585 3.632 3.133 2.83 103.633 106.424 103.723 132.427 117.427 123.794 106.078 121.782 106.665 116.81 124.329 108.983 114.234 130.842 106.483 112.366 
13 19 14 5 4 3 15 17 2 10 9 1 8.532 16.72 2.119 28.303 14.941 2.676 12.635 8.716 24.312 32.17 23.009 12.869 123.62 129.385 115.938 108.112 107.433 114.467 100.564 103.253 117.058 115.355 127.714 132.105 26.172 28.597 29.85 24.731 27.255 22.537 26.545 26.727 27.447 22.524 23.982 27.954 2.436 3.405 3.141 2.892 2.26 2.923 3.094 3.613 3.063 3.721 3.764 2.366 100.123 123.748 109.133 103.991 119.998 132.55 103.046 105.393 132.382 114.811 119.85 131.515 
12 15 11 18 19 17 16 7 4 6 20 2 13 9 5 14 1 3 6.489 26.446 19.967 20.654 27.404 8.355 28.153 1.81 5.669 32.965 17.547 19.642 24.153 31.976 28.966 1.566 3.534 4.073 113.146 102.241 126.856 108.013 120.421 131.448 124.029 131.487 114.394 119.737 118.811 100.328 131.029 100.224 129.496 114.612 109.734 109.232 26.658 27.624 23.876 22.269 22.046 23.314 22.996 23.603 29.112 20.479 27.083 26.028 22.435 23.047 28.769 29.249 20.961 23.21 3.374 3.881 3.064 3.71 3.161 3.318 2.881 2.023 3.701 2.68 2.336 3.796 3.135 2.836 2.066 2.283 2.84 2.62 128.329 127.136 117.931 122.055 119.915 128.903 109.13 118.575 111.778 107.731 121.815 107.64 111.677 126.947 115.78 104.6 110.822 117.511 
6 10 1 9 5 7 9.108 19.045 7.523 32.389 31.612 22.385 127.465 129.855 111.404 130.695 112.19 108.597 23.342 28.313 22.24 29.22 21.236 21.58 2.799 2.501 3.743 3.334 2.66 2.112 108.151 114.696 111.769 107.92 126.81 123.354 
16 2 8 3 24.89 14.552 13.568 33.649 110.155 108.28 108.388 126.386 26.787 29.445 22.776 20.59 2.811 3.898 3.172 2.936 109.198 125.952 112.286 131.54 
13 10 3 5 20 8 19 7 14 2 12 16 4 15 31.627 6.299 31.668 9.979 23.84 12.721 12.849 19.592 9.902 26.285 7.559 11.747 20.933 19.504 114.335 122.626 117.235 103.615 131.505 115.276 121.817 124.935 112.682 109.607 105.389 114.837 112.033 110.757 23.087 25.877 29.727 24.917 23.228 28.366 26.707 20.421 22 22.098 20.434 20.572 20.763 28.975 2.68 2.294 3.526 3.322 2.191 3.25 3.36 2.959 3.907 3.857 2.923 2.482 3.647 3.633 128.335 127.467 127.214 127.693 104.493 126.981 128.453 118.043 105.485 115.784 102.541 102.477 100.628 132.506 
7 4 19 13 11 10 1 20 16 18 12 5 3 15 6 8 7.271 24.288 11.709 1.083 26.032 18.421 11.498 15.28 29.597 1.927 8.037 2.283 29.989 16.772 18.164 24.044 110.865 106.045 106.515 118.895 108.531 100.62 100.999 115.89 103.306 115.556 123.237 112.296 114.998 129.527 106.532 126.781 23.968 28.725 29.176 23.027 22.021 26.828 21.401 29.538 29.655 21.577 23.124 27.337 24.059 26.794 26.494 21.705 2.028 3.157 2.659 3.965 3.295 2.39 2.507 3.334 2.777 2.925 3.444 2.447 3.524 3.105 3.075 3.959 111.285 125.473 114.929 129.844 110.213 119.73 112.251 108.579 102.999 110.248 114.586 112.386 130.627 121.733 112.728 121.604 
10 16 6 1 3 14 7 11 9 13 5 4 24.598 5.94 25.431 3.435 31.465 27.052 18.527 31.046 21.952 12.336 22.774 24.403 102.935 108.797 122.327 116.373 121.514 116.464 101.949 115.434 112.729 115.736 108.905 113.085 29.562 21.979 23.735 29.257 27.968 21.585 24.314 25.365 28.172 21.729 20.877 23.729 2.079 3.056 2.59 3.414 2.299 2.069 3.908 2.058 2.881 2.864 2.083 3.976 128.872 123.796 129.461 126.548 120.485 117.147 111.021 108.683 106.723 107.127 104.857 118.15 
19 17 10 7 9 3 18 20 9.931 20.179 21.121 21.012 31.159 32.041 31.603 16.288 126.432 107.409 112.726 130.156 130.342 120.698 108.713 127.881 29.739 22.037 27.041 23.348 20.927 27.109 22.272 21.297 3.919 2.489 3.39 3.867 3.728 3.149 3.335 2.671 115.913 116.097 123.398 116.32 125.378 119.733 100.677 130.893 
10 27.687 119.657 26.287 2.585 113.832 
16 19 9 6 13 10 2 5 3 18 14 7 12 15 4 8 17 20 11 6.58 8.311 32.87 14.884 7.616 10.265 29.301 31.835 29.741 6.874 20.566 30.6 7.792 14.83 17.855 6.812 14.729 12.52 2.122 122.511 122.941 100.834 120.275 120.981 104.704 116.824 116.858 114.117 121.921 108.39 109.85 103.878 106.71 121.118 125.387 129.378 129.842 115.639 26.814 24.839 23.69 24.745 26.383 20.554 20.098 20.974 28.736 29.058 28.684 20.184 22.754 24.521 29.556 21.593 21.944 28.701 25.56 3.247 3.755 3.246 3.416 2.538 3.171 3.931 3.101 2.598 3.87 2.283 2.174 3.045 3.624 2.738 2.202 2.93 2.634 2.716 123.964 100.724 132.084 121.133 115.139 125.938 109.441 111.793 129.778 104.044 130.618 117.071 101.632 101.841 112.548 116.103 100.664 100.297 113.174 
8 15 3 13 12 18 4.217 29.277 20.362 2.018 9.712 4.723 124.876 107.232 108.14 119.901 121.852 106.3 21.81 23.668 20.583 21.304 21.559 23.715 3.115 3.078 2.408 3.728 3.066 2.876 123.707 101.683 129.206 111.706 104.345 112.97 
1 19 10 18 11 4 12.934 22.78 5.783 7.741 2.969 9.609 108.44 108.687 111.976 129.428 122.65 131.541 27.374 20.375 24.515 26.321 28.101 23.065 2.838 3.448 2.97 3.681 2.097 2.929 128.172 101.259 122.597 127.588 118.515 128.276 
2 8 6 15 11 9 17 5 18 13 10 12.145 24.533 20.275 31.528 22.03 33.343 31.604 14.633 23.547 6.116 3.707 108.582 116.245 101.153 117.222 124.044 118.181 126.312 109.163 120.371 115.542 106.409 21.047 26.03 25.495 27.972 24.34 20.991 28.923 25.156 25.939 23.234 25.816 3.787 3.762 2.674 2.744 2.017 3.428 3.326 2.142 2.621 2.163 3.932 104.554 120.715 121.966 130.978 120.416 118.6 127.641 101.949 121.722 114.805 123.866 
4 3 5 2 15 18 12 14 17.825 9.112 17.279 10.193 6.774 24.744 31.97 16.439 115.601 125.369 108.362 108.008 126.418 118.198 114.254 120.364 25.283 28.915 27.565 21.366 29.8 26.423 27.746 27.169 2.764 3.423 3.34 2.815 2.35 2.058 2.786 3.31 116.929 112.499 124.351 111.905 105.435 130.557 103.898 118.759 
6 8 12 18 13 11 4 5 2 14.368 3.337 10.451 9.623 8.144 31.942 27.509 5.476 24.984 122.336 123.419 106.582 125.903 131.607 127.888 124.641 116.651 130.888 25.939 26.5 20.862 21.511 23.588 29.386 25.753 28.149 28.751 3.763 2.021 3.527 2.208 3.565 2.953 3.059 3.617 2.627 106.497 127.499 120.734 103.044 123.618 123.592 127.872 107.979 123.01 
19 7 13 12 8 17 11 15 1 5 3 6 10 18 20.96 13.187 27.01 22.852 11.633 31.867 19.16 4.802 12.722 33.22 6.169 23.016 31.939 14.16 118.072 132.751 102.276 126.121 125.018 100.948 113.134 109.689 117.503 122.477 107.22 112.249 131.631 118.665 26.915 26.872 29.439 21.759 29.129 29.35 25.933 27.491 24.015 29.736 29.818 21.861 27.007 28.865 3.883 3.055 3.904 2.932 2.505 2.781 3.93 2.309 3.794 2.302 2.267 2.657 3.97 3.693 109.864 106.27 121.689 101.571 110.821 105.297 104.39 126.635 116.445 107.154 111.044 126.889 113.723 108.978 
18 15 1 19 5 17 13 9 11 4 10 3 6.168 21.194 8.712 10.306 9.188 1.915 5.363 20.673 2.537 3.368 23.025 2.04 113.576 118.532 121.815 127.894 129.25 110.037 131.364 110.258 128.452 106.184 106.686 130.249 29.043 29.109 21.015 28.183 26.805 29.536 20.15 28.948 21.343 27.156 20.724 24.018 3.641 3.569 2.863 2.19 3.847 2.275 3.505 3.032 3.137 2.404 2.82 3.91 114.801 131.311 115.842 131.22 112.177 105.809 114.617 115.227 125.783 120.554 111.885 127.994 
8 1 9 13 18 11 12 15 10 6 14 17 4 5 7.633 25.196 19.286 29.654 31.308 10.748 18.656 15.56 8.197 26.47 29.739 17.041 24.813 29.216 106.906 117.43 102.376 119.478 104.274 103.899 105.175 104.717 100.89 129.623 101.413 125.209 109.907 121.049 22.743 21.276 27.68 22.61 25.573 26.918 25.955 21.292 28.261 22.751 26.88 28.013 25.533 20.889 3.909 3.868 3.928 3.357 3.834 3.468 3.459 2.166 2.028 2.285 2.453 3.101 2.689 2.982 102.063 101.911 115.336 126.631 108.962 108.446 104.98 119.266 114.582 110.355 102.147 105.324 101.169 126.93 
2 14 4.785 20.628 101.304 121.255 23.379 29.485 3.603 3.727 114.689 102.845 
19 6 3 13 5 10 7 16 14 9 17 12 18 4 2 11 15 8 3.252 30.108 7.034 27.279 21.491 2.505 28.787 18.788 26.48 25.503 14.669 12.802 4.441 13.025 31.697 5.082 16.616 12.594 112.605 113.665 103.501 122.674 114.008 128.981 120.13 111.427 106.389 117.773 107.791 108.221 115.654 126.432 128.415 126.766 108.363 117.505 21.482 28.909 21.457 28.032 29.532 29.929 22.61 22.583 21.207 24.703 20.899 24.683 24.053 23.883 21.762 21.177 27.023 24.91 3.259 2.075 3.672 3.798 2.423 3.427 2.946 2.153 2.537 3.344 2.232 3.733 2.622 2.992 2.487 3.9 2.97 2.688 118.06 129.168 108.427 102.291 106.301 124.137 102.936 113.503 125.632 123.376 104.347 123.731 114.351 107.264 113.934 121.68 112.378 118.176 
15 9 19 10 17 13 14 3 7 2 18 1 12 16 6 20 8 6.689 10.866 10.55 12.788 3.084 22.141 3.049 4.249 10.784 25.462 28.583 1.196 12.87 22.315 17.487 31.387 27.389 130.411 105.383 117.002 104.466 104.215 114.844 118.651 115.46 131.238 120.059 126.59 123.869 126.392 115.504 104.156 120.846 128.646 27.203 27.925 21.665 23.358 28.07 21.529 22.172 20.869 26.912 20.791 23.222 28.52 21.313 28.372 21.059 20.661 20.896 2.284 3.605 3.904 3.474 2.991 3.02 3.528 2.849 2.333 3.957 3.01 2.234 3.546 3.611 2.677 3.788 3.605 104.882 124.277 116.422 108.595 113.216 118.222 110.578 132.427 121.701 113.239 102.062 114.51 123.123 125.995 104.957 131.656 103.315 
15 20 12 5 11 16 2 9 4 10 3 14 8 1 7 13 20.567 8.21 3.318 20.603 19.464 6.399 32.117 3.957 30.459 5.319 30.589 12.156 27.083 19.43 2.733 5.763 128.744 101.696 123.721 122.993 117.735 130.727 126.251 105.154 114.246 116.686 107.564 124.065 106.819 111.948 102.292 106.757 26.886 21.191 22.452 20.273 29.139 26.934 21.143 25.111 29.316 20.491 26.272 27.057 28.966 22.621 21.267 24.056 2.42 2.496 2.059 3.556 3.96 3.378 2.953 2.175 2.186 3.218 2.556 3.237 2.229 2.412 3.685 3.613 103.104 113.182 105.091 115.777 113.391 113.951 130.582 112.144 125.236 105.345 117.407 110.5 105.517 125.877 116.193 132.228 
6 17 18 8 12 10 15 7 3 20 2 9 5 11 16 4 1 14 8.565 9.908 15.428 26.01 23.988 17.026 28.785 18.059 1.465 8.234 13.207 20.739 12.76 25.468 5.074 11.771 11.571 6.374 124.198 116.891 126.018 109.737 125.199 130.044 124.94 130.502 103.816 118.62 113.35 104.779 104.736 101.986 113.547 101.305 121.058 109.114 28.483 20.126 29.517 20.633 23.105 23.557 25.57 20.022 21.483 28.433 28.358 29.41 22.849 29.132 27.039 25.286 21.546 27.776 2.103 3.088 2.064 2.399 2.576 2.452 3.392 2.366 2.427 3.082 2.11 3.907 2.153 2.302 2.673 2.743 2.964 2.952 119.322 109.076 124.979 101.283 112.666 105.941 122.097 129.444 119.978 111.278 132.11 123.799 116.784 120.381 124.988 126.649 103.173 128.838 
7 4 6 8 12 19 13 3 14 18 5 10 16 15 2 11 16.398 20.573 9.1 9.501 22.716 22.484 33.762 24.107 25.762 16.182 7.107 24.242 29.65 9.114 27.642 23.583 131.405 103.725 109.556 123.869 109.848 101.747 117.616 129.725 122.299 105.471 114.087 117.957 124.636 104.245 117.63 121.622 27.394 24.149 27.136 21.786 25.622 24.034 23.883 28.166 21.483 23.7 23.22 21.74 21.136 20.33 24.457 21.765 3.046 3.972 3.587 3.869 2.364 2.304 2.196 2.302 2.776 3.196 2.406 2.54 2.168 2.569 3.51 2.114 118.837 121.31 104.619 131.166 128.676 130.723 101.732 128.849 104.361 129.59 110.082 118.194 103.707 132.194 129.843 117.056 
20 13 14 12 4 24.876 33.717 4.123 11.161 33.019 101.934 100.43 123.114 100.113 112.092 27.528 25.953 20.548 21.943 23.397 2.174 3.987 3.8 2.553 2.779 101.816 129.678 111.837 119.599 123.241 
11 8 7 17 20 18 10 2 14 5 16 12 13 4 6 19 20.628 1.943 31.576 32.17 9.768 1.476 25.947 28.226 13.241 32.065 25.492 30.154 1.479 32.607 23.965 19.137 127.902 125.163 131.201 100.155 110.283 120.914 114.89 116.517 124.924 118.835 115.723 130.297 100.091 111.62 118.64 117.38 23.027 25.838 29.064 27.373 25.769 21.316 21.189 24.352 29.347 22.868 24.543 25.276 25.82 25.064 29.941 23.9 3.915 2.323 3.878 3.553 3.348 2.611 2.161 2.018 2.468 2.535 3.539 2.943 2.78 2.356 2.252 3.131 118.137 108.405 128.919 115.937 121.891 110.703 122.627 107.472 109.312 130.841 116.355 123.666 113.459 120.537 118.648 105.432 
1 7 8 15 6 3 13 19 9 2 10 31.579 17.046 30.064 14.07 18.71 8.142 32.974 18.695 7.835 33.622 5.173 104.655 123.039 106.492 122.859 106.17 113.766 103.237 132.209 130.884 119.99 110.547 25.857 29.25 20.056 23.127 25.318 27.287 28.117 26.849 28.024 25.664 22.608 2.701 3.615 2.232 2.027 3.923 3.342 2.551 2.303 2.934 2.659 3.419 117.093 119.889 112.883 125.839 106.532 103.261 123.961 104.898 117.182 109.876 112.901 
19 17 6 20 9 16 8 10 1 7 4 11 14 12.92 25.754 13.206 8.489 26.827 16.647 19.04 23.007 17.332 11.374 29.185 2.736 2.65 122.658 109.367 106.458 104.503 117.12 118.52 129.353 128.536 116.885 131.53 123.353 132.501 121.301 23.958 20.749 27.905 29.218 29.972 27.105 21.789 24.768 25.492 23.321 23.087 21.281 23.091 3.433 3.793 3.754 3.041 2.902 2.304 2.042 3.686 2.239 3.326 2.621 3.557 2.444 105.093 115.696 128.985 123.216 103.49 127.127 127.625 132.243 110.785 116.615 109.239 122.451 127.208 
5 10 12 11 13 7 18 32.672 17.978 16.361 17.17 7.914 31.133 1.091 108.153 105.12 119.671 131.456 124.012 118.917 129.49 27.12 25.21 25.554 21.146 24.575 29.824 23.299 3.241 3.128 2.406 2.541 2.766 3.954 3.14 128.194 113.858 100.808 130.387 128.462 109.114 110.034 
3 16 7 11 14 17 5 8 15 12 10 26.435 10.043 16.008 9.783 3.286 19.622 3.101 33.589 9.962 25.73 9.857 119.834 105.809 118.473 103.157 130.283 105.229 126.535 124.579 128.673 110.05 105.248 21.153 20.861 28.778 25.534 20.366 22.614 28.648 20.203 25.803 25.421 20.349 3.619 2.808 2.848 2.003 2.284 2.102 2.077 3.982 2.309 3.027 3.958 132.473 127.855 106.414 110.783 103.312 123.588 106.785 125.265 110.936 112.683 132.335 
10 3 20 13 5 8 4 18 14 6 15 11 7 17 16 9 19 2 1 17.832 15.325 1.877 30.039 27.135 32.814 4.256 6.136 33.494 32.442 22.532 7.666 27.826 7.43 31.681 32.791 33.391 14.988 19.77 114.054 114.655 123.846 103.089 107.457 101.901 119.265 109.738 122.415 108.018 103.397 109.508 125.618 120.632 106.212 115.861 110.611 106.454 107.017 20.188 29.523 20.403 21.624 21.22 27.237 21.006 21.521 28.217 23.772 20.765 24.504 21.43 27.425 25.076 22.677 21.168 27.846 27.945 3.211 2.028 2.637 3.443 2.282 3.658 2.977 3.168 3.583 3.723 3.513 3.311 2.889 2.155 2.473 2.931 3.64 3.932 2.965 128.291 114.804 117.428 116.487 106.949 130.97 115.805 107.006 127.309 116.477 116.36 107.46 106.345 114.079 101.886 114.828 102.35 112.499 123.32 
4 8 3 12 19 28.864 4.906 18.408 28.526 6.797 105.992 106.447 110.328 106.993 101.851 27.004 27.568 26.215 21.916 26.171 3.374 2.081 2.596 3.716 3.287 106.9 103.397 112.339 130.329 100.099 
13 15 17 5 19 9 6 20 11 7 1 16 3 10 12 14 8 10.805 19.343 25.491 29.826 3.89 3.418 17.454 30.714 20.268 16.255 25.532 21.143 33.219 5.558 30.565 13.294 27.394 101.922 129.268 114.067 124.129 115.233 121.046 119.177 104.552 113.303 103.061 108.07 119.616 107.837 110.934 105.739 108.38 124.878 27.286 29.512 26.864 23.611 20.902 25.696 25.431 24.479 23.742 22.389 28.891 20.836 20.051 29.891 22.147 21.001 28.351 3.826 2.767 2.908 3.946 3 3.825 3.817 2.772 2.245 3.777 3.546 3.853 3.604 2.2 2.914 4 3.968 132.311 107.266 126.698 128.038 120.07 106.075 132.462 111.153 115.809 117.013 113.44 102.08 120.841 109.406 127.172 113.554 114.321 
7 12 14 1 20 13 9 4 11 16 17 15 6 6.169 25.37 9.454 5.529 1.297 1.651 5.725 24.603 13.665 33.089 20.728 17.533 3.04 111.816 124.577 120.713 120.421 128.584 118.184 113.955 130.51 130.722 107.288 111.254 129.137 117.004 21.393 21.309 21.537 24.075 29.892 25.422 22.412 21.209 28.902 22.142 20.728 25.078 20.636 2.301 2.509 3.954 3.178 2.433 3.193 2.29 3.145 2.944 3.913 2.879 2.317 3.276 102.852 128.322 117.175 112.955 108.277 122.922 116.687 116.676 102.7 118.604 107.346 107.454 128.496 
16 13 5 2 6 1 4 8 28.999 23.796 32.866 23.719 18.011 22.308 7.881 28.361 101.862 118.777 118.439 107.481 102.597 107.501 114.272 101.944 20.664 20.282 20.893 29.415 20.138 27.253 26.168 28.999 2.952 3.71 2.011 2.384 2.079 3.979 3.931 3.471 123.02 110.954 131.502 121.406 130.727 108.687 114.975 123.275 
18 12 14 4 6 11 2 16 7 13 3 17 10 8 5 9 15 19 26.938 4.055 32.036 30.022 25.203 6.434 15.775 27.897 25.899 5.058 1.197 13.644 27.898 11.836 8.903 2.212 1.855 19.142 103.702 120.631 104.394 101.406 125.991 112.492 126.002 114.705 101.392 112.307 105.112 119.914 132.002 129.127 100.732 123.899 120.695 110.475 25.831 20.472 27.653 20.108 22.433 27.738 29.027 22.691 26.77 20.337 24.476 22.293 25.79 23.822 22.435 25.803 26.941 20.655 3.577 3.123 3.631 3.861 3.714 3.241 3.111 3.37 2.943 3.193 3.6 3.327 2.179 2.99 3.669 2.81 3.446 2.446 112.848 125.479 118.013 125.274 100.699 114.43 114.258 130.065 129.619 121.087 127.189 101.686 118.292 115.812 132.584 108.151 122.41 119.005 
